-0.30118,0.36753,2.1708e-18,-0.21755,0.27387,1.5783e-18,1.202e-09
-0.21812,0.31766,1.9379e-18,-0.30101,0.26592,7.284e-19,8.625e-10
-0.1791,0.33217,1.8552e-18,-0.15259,0.41577,1.2189e-18,1.95e-09
-0.11185,0.28795,1.9148e-18,-0.097031,0.28615,1.4351e-18,9.845e-10
-0.096172,0.36972,1.7485e-18,-0.27561,0.3374,1.3577e-18,1.415e-09
-0.26862,0.34471,1.9313e-18,-0.13056,0.28491,1.2308e-18,1.079e-09
-0.27257,0.41755,2.1257e-18,-0.18932,0.34058,8.2405e-19,1.698e-09
-0.19426,0.42596,1.8415e-18,-0.058059,0.3541,8.5718e-19,2.15e-09
-0.20222,0.34801,1.7669e-18,-0.15079,0.43379,9.7463e-19,2.11e-09
-0.10677,0.41803,2.0906e-18,-0.19711,0.24882,9.8931e-19,1.483e-09
-0.38087,0.39382,1.7502e-18,-0.10308,0.26007,1.1479e-18,1.188e-09
-0.10569,0.30955,2.1399e-18,-0.029943,0.2196,1.1781e-18,8.888e-10
-0.28664,0.36952,2.136e-18,-0.31203,0.39637,9.3429e-19,1.774e-09
-0.065661,0.28562,2.0465e-18,-0.14803,0.3801,9.0157e-19,1.373e-09
-0.35981,0.31593,1.8091e-18,-0.25726,0.25444,9.9888e-19,8.437e-10
-0.32936,0.42306,1.8345e-18,-0.21473,0.3533,7.899e-19,1.705e-09
-0.1713,0.33564,2.1563e-18,-0.1319,0.41547,8.3641e-19,1.884e-09
-0.26017,0.38945,1.9661e-18,-0.15723,0.23887,1.3246e-18,1.149e-09
-0.13677,0.38805,2.0255e-18,-0.14475,0.31812,1.0629e-18,1.417e-09
-0.06793,0.27667,1.9634e-18,-0.087634,0.29868,1.541e-18,1.056e-09
-0.015142,0.31396,1.9177e-18,-0.14863,0.27121,8.2633e-19,9.579e-10
-0.063165,0.30727,2.0412e-18,-0.13408,0.36347,1.0974e-18,1.387e-09
0.01136,0.3225,2.0627e-18,-0.11027,0.22972,1.1636e-18,1.101e-09
-0.32334,0.35906,1.9425e-18,-0.29937,0.41062,8.4747e-19,1.775e-09
-0.17423,0.3429,1.7911e-18,-0.26658,0.4244,1.5432e-18,2.195e-09
-0.32815,0.27651,1.8346e-18,-0.28701,0.37191,9.7052e-19,1.254e-09
-0.075742,0.36799,1.7365e-18,-0.29858,0.37958,8.184e-19,1.55e-09
0.0081745,0.34321,1.8867e-18,-0.27243,0.33254,7.6049e-19,1.543e-09
-0.15482,0.36008,2.0018e-18,-0.058849,0.40797,8.1468e-19,2.518e-09
0.012534,0.28815,2.0359e-18,-0.084901,0.27987,7.6917e-19,9.932e-10
-0.25927,0.3183,1.7842e-18,-0.24771,0.25222,1.454e-18,8.906e-10
-0.35078,0.35164,1.7937e-18,-0.031793,0.39862,1.0143e-18,2.931e-09
0.0045587,0.32733,1.7252e-18,-0.31352,0.26304,1.4689e-18,1.133e-09
-0.035109,0.30114,1.7774e-18,-0.31808,0.35813,9.1498e-19,1.225e-09
-0.060323,0.37795,1.8589e-18,-0.2463,0.21205,1.4681e-18,1.111e-09
-0.12464,0.3048,1.739e-18,-0.20036,0.25231,6.8639e-19,7.735e-10
0.016638,0.30942,1.9409e-18,-0.25558,0.41734,1.1794e-18,2.052e-09
-0.32729,0.38431,1.9505e-18,-0.15117,0.28999,8.0496e-19,1.21e-09
-0.37323,0.42326,2.0588e-18,-0.25426,0.39077,8.6111e-19,2.051e-09
-0.12918,0.28196,1.9236e-18,-0.087394,0.32701,7.1992e-19,1.05e-09
-0.21222,0.40636,1.9176e-18,-0.13685,0.43191,1.0367e-18,2.554e-09
0.020329,0.31744,2.1374e-18,-0.22363,0.40231,1.2022e-18,2.05e-09
0.024383,0.33495,2.1118e-18,-0.11612,0.24563,9.2125e-19,1.51e-09
-0.13645,0.39702,2.1702e-18,-0.2311,0.38423,5.848e-19,1.744e-09
-0.074656,0.37952,1.726e-18,-0.28732,0.26172,5.3811e-19,1.086e-09
-0.12495,0.33545,2.1262e-18,-0.32828,0.36761,1.0239e-18,1.44e-09
-0.24155,0.32936,1.8036e-18,-0.17797,0.3053,6.1448e-19,9.782e-10
0.021369,0.39624,2.0709e-18,-0.28499,0.42089,1.3939e-18,5.984e-09
-0.15271,0.41175,1.7141e-18,-0.13857,0.36491,1.539e-18,1.912e-09
-0.014384,0.34876,1.7824e-18,-0.090814,0.37556,6.2349e-19,1.761e-09
-0.24072,0.41263,2.013e-18,-0.25002,0.23686,1.6075e-18,1.343e-09
-0.019532,0.3231,2.165e-18,-0.29902,0.22443,1.1102e-18,9.312e-10
-0.029894,0.42578,1.9356e-18,-0.11625,0.41458,7.5376e-19,3.831e-09
-0.049492,0.41684,1.9814e-18,-0.29139,0.33877,6.4749e-19,2.097e-09
-0.018602,0.41861,2.0919e-18,-0.078176,0.21049,1.2206e-18,3.012e-09
-0.33089,0.28942,2.0091e-18,-0.29704,0.26346,8.2298e-19,8.119e-10
-0.15811,0.34494,2.045e-18,-0.25877,0.41289,9.498e-19,1.812e-09
-0.13912,0.37617,1.8777e-18,-0.047555,0.3616,1.2018e-18,2.068e-09
-0.3748,0.37086,1.9399e-18,-0.19233,0.42625,1.0991e-18,2.156e-09
-0.11748,0.33794,2.0575e-18,-0.13874,0.34101,1.0985e-18,1.322e-09
-0.13595,0.3572,2.0984e-18,-0.33348,0.31701,1.5978e-18,1.346e-09
-0.36235,0.4217,2.0161e-18,-0.059163,0.32557,1.2913e-18,1.974e-09
-0.30874,0.30087,1.9917e-18,-0.26088,0.23604,5.5219e-19,7.433e-10
-0.34786,0.34273,1.819e-18,-0.12265,0.36537,1.4607e-18,1.584e-09
-0.055447,0.34933,1.8991e-18,-0.28135,0.32511,1.4897e-18,1.351e-09
-0.16931,0.30291,1.7279e-18,-0.20118,0.33602,1.42e-18,1.196e-09
-0.32393,0.3656,2.1405e-18,-0.27014,0.43359,1.4221e-18,2.443e-09
-0.31177,0.27969,2.0759e-18,-0.16008,0.38518,1.3974e-18,1.563e-09
-0.042609,0.38182,1.9064e-18,-0.079235,0.39297,6.8125e-19,2.279e-09
-0.024364,0.35126,2.1692e-18,-0.26363,0.33708,9.1328e-19,1.461e-09
-0.26202,0.30269,2.0095e-18,-0.050123,0.414,1.6052e-18,3.111e-09
-0.14123,0.41898,2.1352e-18,-0.31407,0.28358,1.2234e-18,1.563e-09
-0.18655,0.32204,2.0036e-18,-0.052765,0.37081,9.001e-19,1.78e-09
-0.023813,0.31454,1.8171e-18,-0.1729,0.23555,7.1417e-19,8.262e-10
-0.25106,0.28267,2.0437e-18,-0.32801,0.4134,1.5579e-18,1.914e-09
-0.28813,0.31576,2.0279e-18,-0.33972,0.39977,8.8229e-19,1.552e-09
-0.21965,0.30578,1.9346e-18,-0.10867,0.28218,9.8999e-19,9.361e-10
-0.17021,0.3829,2.0511e-18,-0.30919,0.25662,5.7e-19,1.103e-09
-0.2642,0.38132,1.9472e-18,-0.17413,0.38609,7.8091e-19,1.674e-09
-0.18979,0.27538,1.7385e-18,-0.2944,0.4186,8.8886e-19,1.587e-09
-0.21099,0.39537,1.7949e-18,-0.14238,0.28313,1.4921e-18,1.306e-09
-0.1423,0.35734,1.9663e-18,-0.33433,0.2356,6.9129e-19,9.27e-10
-0.085524,0.37337,1.7079e-18,-0.22556,0.34538,1.1262e-18,1.431e-09
-0.048565,0.38364,2.0348e-18,-0.18457,0.25838,9.7292e-19,1.335e-09
-0.028456,0.35233,2.1713e-18,-0.25991,0.25065,8.9131e-19,1.138e-09
-0.28898,0.42241,2.1304e-18,-0.074895,0.25128,1.0082e-18,1.534e-09
-0.0084532,0.39905,2.0935e-18,-0.33572,0.36886,9.0665e-19,2.98e-09
-0.15589,0.41413,1.7289e-18,-0.24259,0.40528,1.3517e-18,2.214e-09
0.010728,0.37547,2.0533e-18,-0.13092,0.277,8.4349e-19,2.403e-09
-0.34906,0.39426,1.8529e-18,-0.23131,0.24147,6.3835e-19,1.101e-09
-0.33864,0.32771,1.7381e-18,-0.036829,0.2451,8.8023e-19,9.232e-10
-0.21453,0.36692,2.0281e-18,-0.27797,0.36813,8.0407e-19,1.483e-09
0.0050819,0.29114,1.8197e-18,-0.07477,0.28792,8.532e-19,1.011e-09
-0.039584,0.29458,2.0118e-18,-0.06176,0.40076,1.0571e-18,2.163e-09
-0.32553,0.33443,2.081e-18,-0.074396,0.32106,1.0591e-18,1.291e-09
-0.2052,0.28837,1.8524e-18,-0.086713,0.36903,7.171e-19,1.329e-09
-0.029568,0.27995,1.8847e-18,-0.050429,0.31447,5.4517e-19,1.067e-09
-0.083912,0.29647,1.895e-18,-0.15551,0.26032,1.4276e-18,8.865e-10
0.021069,0.39788,1.9093e-18,-0.060154,0.38559,1.5534e-18,6.715e-09
-0.33254,0.29403,1.8336e-18,-0.049912,0.2277,1.2847e-18,8.1e-10
-0.038816,0.35438,1.8088e-18,-0.07946,0.40072,5.6375e-19,2.022e-09
-0.044323,0.31561,1.7977e-18,-0.16545,0.33167,1.1183e-18,1.181e-09
0.029914,0.34121,2.0593e-18,-0.18864,0.37624,1.3405e-18,2.453e-09
-0.041086,0.3662,2.1242e-18,-0.2294,0.21365,6.8366e-19,1.101e-09
0.0016176,0.42382,2.0373e-18,-0.29105,0.36403,9.0982e-19,5.937e-09
-0.12562,0.35085,1.7523e-18,-0.058457,0.43695,8.8474e-19,3.311e-09
-0.12605,0.28671,2.0948e-18,-0.23316,0.40716,1.4747e-18,1.821e-09
-0.31091,0.39993,2.0546e-18,-0.29992,0.41191,1.0388e-18,2.132e-09
-0.35663,0.34446,2.0992e-18,-0.12184,0.23946,5.6604e-19,9.023e-10
-0.13932,0.37924,1.7617e-18,-0.33102,0.26727,1.3641e-18,1.136e-09
-0.29545,0.37027,1.8745e-18,-0.28966,0.32134,1.6053e-18,1.378e-09
-0.10506,0.35798,1.9487e-18,-0.2211,0.27131,6.628e-19,1.016e-09
-0.36767,0.3437,2.0622e-18,-0.099831,0.42725,5.612e-19,2.092e-09
-0.19221,0.30314,2.1173e-18,-0.22052,0.32927,1.3193e-18,1.186e-09
-0.27452,0.31235,1.8833e-18,-0.1927,0.382,1.374e-18,1.562e-09
-0.053668,0.38768,1.9106e-18,-0.33943,0.25398,1.4579e-18,1.345e-09
-0.070905,0.30823,1.7152e-18,-0.33558,0.40204,6.3941e-19,1.41e-09
0.010783,0.31665,2.1316e-18,-0.033772,0.36242,1.2151e-18,2.326e-09
-0.13508,0.29743,1.9695e-18,-0.098589,0.32665,1.2471e-18,1.18e-09
-0.29846,0.37459,2.0387e-18,-0.27914,0.32519,5.931e-19,1.256e-09
-0.32587,0.40393,2.0067e-18,-0.16611,0.35009,6.082e-19,1.56e-09
-0.18436,0.32971,1.7031e-18,-0.10379,0.24885,1.4615e-18,9.152e-10
-0.29704,0.39565,1.8974e-18,-0.16703,0.36556,7.339e-19,1.592e-09
-0.16207,0.41589,2.1669e-18,-0.081653,0.24527,1.122e-18,1.471e-09
-0.1677,0.33679,1.712e-18,-0.31857,0.32757,9.682e-19,1.134e-09
-0.36899,0.39602,1.7968e-18,-0.21679,0.38902,1.0466e-18,1.821e-09
-0.082812,0.39179,2.0128e-18,-0.094559,0.27347,5.9698e-19,1.318e-09
-0.17327,0.29445,1.9597e-18,-0.097598,0.31055,7.2921e-19,9.911e-10
-0.2862,0.28996,1.9638e-18,-0.06005,0.2261,1.0831e-18,7.829e-10
-0.11669,0.39393,1.904e-18,-0.13897,0.33176,9.4187e-19,1.487e-09
-0.19584,0.36184,1.7916e-18,-0.15813,0.42833,1.5079e-18,2.385e-09
-0.17571,0.40297,1.8906e-18,-0.1242,0.35973,1.5646e-18,1.883e-09
-0.22617,0.29272,1.99e-18,-0.063245,0.27354,5.6176e-19,8.759e-10
-0.098908,0.41916,1.8917e-18,-0.10276,0.32238,7.6226e-19,1.726e-09
-0.20684,0.33054,2.0062e-18,-0.14616,0.29205,1.1567e-18,1.056e-09
-0.32739,0.33348,1.8171e-18,-0.19038,0.28853,1.0355e-18,9.993e-10
-0.090356,0.27762,2.1084e-18,-0.11064,0.34625,9.8049e-19,1.194e-09
-0.31034,0.30456,1.9407e-18,-0.2037,0.3749,1.3265e-18,1.471e-09
-0.38305,0.3161,2.087e-18,-0.32239,0.29283,6.7297e-19,9.457e-10
-0.20603,0.36485,2.0326e-18,-0.068726,0.24051,1.5395e-18,1.104e-09
-0.0047304,0.35473,1.9264e-18,-0.33452,0.34323,1.2196e-18,1.703e-09
-0.2983,0.32623,2.0473e-18,-0.24505,0.34215,5.5647e-19,1.129e-09
-0.07294,0.34838,1.9833e-18,-0.053527,0.36676,8.9528e-19,1.873e-09
-0.039875,0.40752,2.1569e-18,-0.085644,0.28662,1.205e-18,2.104e-09
-0.18886,0.42532,2.1026e-18,-0.1682,0.32924,7.4998e-19,1.715e-09
-0.068689,0.34083,1.8427e-18,-0.10081,0.24818,1.4526e-18,9.931e-10
-0.10843,0.30182,1.7931e-18,-0.1624,0.42134,6.3479e-19,1.599e-09
-0.33388,0.30494,1.8616e-18,-0.077216,0.24627,7.7489e-19,8.132e-10
-0.35427,0.37799,2.0004e-18,-0.31109,0.29309,1.4039e-18,1.27e-09
-0.11291,0.36285,1.9706e-18,-0.20745,0.28991,8.4267e-19,1.116e-09
0.018168,0.36125,2.0332e-18,-0.14938,0.3392,1.1246e-18,2.415e-09
-0.095319,0.35463,1.7545e-18,-0.10859,0.41245,1.1139e-18,2.099e-09
-0.12674,0.34735,2.1206e-18,-0.26291,0.26846,1.3065e-18,1.062e-09
-0.18609,0.35583,2.026e-18,-0.11783,0.43654,1.0034e-18,2.438e-09
0.026347,0.2979,2.0964e-18,-0.11226,0.21222,1.3081e-18,9.717e-10
-0.18919,0.41618,1.7897e-18,-0.12119,0.35487,8.0987e-19,1.723e-09
-0.16864,0.39016,1.8225e-18,-0.15128,0.34514,7.8665e-19,1.449e-09
-0.14879,0.39579,1.718e-18,-0.18951,0.38867,1.2781e-18,1.897e-09
-0.095645,0.42223,1.7881e-18,-0.26403,0.32874,1.0246e-18,1.722e-09
-0.25712,0.3999,1.9545e-18,-0.17756,0.32729,6.7841e-19,1.42e-09
-0.10867,0.32435,1.7147e-18,-0.2793,0.35078,1.4158e-18,1.337e-09
-0.25244,0.30594,2.0857e-18,-0.23258,0.32212,1.3965e-18,1.167e-09
-0.060689,0.30532,1.8102e-18,-0.24422,0.22585,1.1919e-18,7.835e-10
-0.22542,0.40891,1.7992e-18,-0.17184,0.37736,1.1395e-18,1.859e-09
-0.16952,0.30648,1.9362e-18,-0.19904,0.28134,5.8815e-19,8.594e-10
-0.1623,0.38617,1.8852e-18,-0.10597,0.36792,1.5173e-18,1.89e-09
-0.27576,0.27343,1.7839e-18,-0.15599,0.34959,1.3114e-18,1.211e-09
-0.3404,0.34569,1.9528e-18,-0.19217,0.38686,1.4185e-18,1.741e-09
-0.11856,0.33227,1.7919e-18,-0.10529,0.27621,7.4087e-19,9.404e-10
0.0033137,0.3914,1.7056e-18,-0.17608,0.35848,1.6073e-18,3.065e-09
-0.30468,0.36867,2.1652e-18,-0.094186,0.22126,1.5877e-18,1.07e-09
-0.11991,0.36605,1.8895e-18,-0.092846,0.28924,1.2558e-18,1.218e-09
-0.31334,0.42689,2.0651e-18,-0.099543,0.37823,1.5942e-18,2.452e-09
-0.080879,0.41022,1.7243e-18,-0.087842,0.40941,1.5731e-18,2.936e-09
-0.0095075,0.42504,1.9301e-18,-0.068453,0.30794,1.266e-18,4.723e-09
-0.16154,0.31466,1.9595e-18,-0.06928,0.29043,7.2721e-19,1.005e-09
-0.2843,0.42514,1.799e-18,-0.24048,0.35719,1.2893e-18,1.854e-09
0.018392,0.31981,1.9668e-18,-0.043885,0.21681,1.4775e-18,1.181e-09
-0.14398,0.41884,2.0217e-18,-0.03271,0.23491,8.7643e-19,1.52e-09
-0.27141,0.37411,2.1155e-18,-0.17923,0.36694,8.0091e-19,1.543e-09
-0.32889,0.30043,1.7271e-18,-0.24837,0.29104,1.6003e-18,1.002e-09
-0.16807,0.3364,2.011e-18,-0.26715,0.24093,1.1977e-18,9.13e-10
-0.24665,0.41997,1.9552e-18,-0.3328,0.31314,6.2623e-19,1.511e-09
-0.18279,0.28686,2.1444e-18,-0.057673,0.34408,1.5826e-18,1.533e-09
-0.10706,0.40952,2.1603e-18,-0.29225,0.2374,8.0306e-19,1.367e-09
-0.21237,0.31496,1.8353e-18,-0.045048,0.24633,1.1825e-18,9.187e-10
-0.084376,0.31689,1.7134e-18,-0.15954,0.38218,6.6142e-19,1.326e-09
-0.14483,0.37255,2.1422e-18,-0.026227,0.40358,1.3852e-18,3.947e-09
-0.05013,0.27697,1.9195e-18,-0.051668,0.25545,1.4483e-18,9.041e-10
-0.28649,0.29977,2.1173e-18,-0.12135,0.40754,6.251e-19,1.593e-09
-0.26992,0.42353,2.122e-18,-0.10211,0.31185,7.0186e-19,1.686e-09
-0.24618,0.27714,1.8395e-18,-0.26327,0.42516,9.273e-19,1.695e-09
-0.11564,0.39499,1.959e-18,-0.33845,0.37693,1.1065e-18,1.801e-09
-0.38267,0.33934,2.1703e-18,-0.15388,0.3758,7.4831e-19,1.457e-09
-0.035933,0.38335,1.9578e-18,-0.18586,0.34462,7.5918e-19,1.692e-09
-0.2535,0.33423,2.0174e-18,-0.25335,0.23855,1.3423e-18,9.14e-10
-0.097114,0.32143,2.0916e-18,-0.24381,0.34831,1.4911e-18,1.393e-09
-0.15895,0.36582,2.0537e-18,-0.14822,0.41166,5.5379e-19,1.78e-09
-0.36294,0.27991,2.1584e-18,-0.25362,0.33213,1.4063e-18,1.173e-09
-0.154,0.40447,1.7906e-18,-0.13027,0.31355,1.1656e-18,1.465e-09
-0.29627,0.4112,2.1555e-18,-0.20077,0.38734,1.5885e-18,2.219e-09
-0.26441,0.35286,1.7451e-18,-0.31547,0.32594,5.9268e-19,1.108e-09
-0.35484,0.29845,2.1517e-18,-0.071609,0.2563,9.486e-19,8.866e-10
-0.30527,0.33567,1.8958e-18,-0.32722,0.34022,7.3201e-19,1.166e-09
-0.32029,0.3631,2.0207e-18,-0.30449,0.22706,1.1888e-18,9.792e-10
-0.2348,0.40675,2.1237e-18,-0.33017,0.34682,6.5159e-19,1.589e-09
-0.22775,0.37575,1.8109e-18,-0.17809,0.26208,1.3918e-18,1.112e-09
-0.29403,0.32031,1.7793e-18,-0.30685,0.33531,5.5991e-19,1.044e-09
-0.14288,0.42137,1.7793e-18,-0.27538,0.40489,1.304e-18,2.27e-09
-0.16047,0.41493,2.0998e-18,-0.3004,0.40292,6.0223e-19,1.999e-09
-0.051481,0.41553,1.8046e-18,-0.24464,0.24455,1.4586e-18,1.746e-09
-0.2601,0.36296,2.0333e-18,-0.090981,0.26263,8.9444e-19,1.079e-09
0.016315,0.29821,1.935e-18,-0.23625,0.37881,8.285e-19,1.468e-09
-0.35691,0.32425,1.8112e-18,-0.33519,0.34563,5.8403e-19,1.109e-09
-0.067542,0.36914,1.7533e-18,-0.28168,0.21532,9.7232e-19,9.807e-10
-0.34808,0.34608,1.7471e-18,-0.19617,0.31047,9.294e-19,1.091e-09
-0.23902,0.40074,1.8675e-18,-0.19794,0.27459,1.3289e-18,1.297e-09
-0.24766,0.38547,2.004e-18,-0.2192,0.22734,7.2413e-19,1.061e-09
-0.23538,0.30688,2.1518e-18,-0.22503,0.31395,1.2799e-18,1.115e-09
-0.1801,0.30262,1.8567e-18,-0.1536,0.32034,1.3128e-18,1.113e-09
-0.13973,0.27295,2.1468e-18,-0.052283,0.29589,1.595e-18,1.131e-09
-0.29429,0.35394,2.1051e-18,-0.025666,0.27001,1.2636e-18,1.288e-09
-0.26702,0.3208,1.849e-18,-0.1873,0.30955,7.3842e-19,9.962e-10
-0.27983,0.39049,1.773e-18,-0.27275,0.3968,6.0349e-19,1.671e-09
-0.026794,0.36204,2.0051e-18,-0.04653,0.24196,1.0885e-18,1.312e-09
-0.068317,0.36473,1.7098e-18,-0.1795,0.3036,1.2544e-18,1.23e-09
-0.25032,0.3434,2.0987e-18,-0.09481,0.23768,1.1602e-18,9.592e-10
-0.17312,0.41665,2.0288e-18,-0.025177,0.30097,1.1532e-18,1.94e-09
-0.054918,0.27379,2.1559e-18,-0.18133,0.35604,6.1078e-19,1.106e-09
-0.22455,0.27407,2.056e-18,-0.33072,0.29645,1.5467e-18,1.002e-09
-0.052292,0.33616,1.9856e-18,-0.32184,0.35356,1.4436e-18,1.479e-09
-0.29223,0.3846,1.7624e-18,-0.13447,0.42919,1.4149e-18,2.537e-09
-0.33573,0.40732,2.0602e-18,-0.093873,0.38224,9.1546e-19,2.113e-09
-0.22723,0.3819,1.9937e-18,-0.10153,0.39374,1.5802e-18,2.262e-09
-0.17651,0.4107,1.8738e-18,-0.07052,0.42474,7.301e-19,3.005e-09
-0.1703,0.38521,2.0668e-18,-0.30279,0.29988,7.7856e-19,1.262e-09
-0.027691,0.31087,1.8404e-18,-0.16485,0.26398,8.808e-19,8.948e-10
-0.36713,0.40462,1.8064e-18,-0.19691,0.38916,6.4294e-19,1.74e-09
-0.089326,0.39771,1.7828e-18,-0.25133,0.37935,1.2916e-18,1.891e-09
-0.046299,0.31788,1.8236e-18,-0.03969,0.36833,1.6092e-18,2.164e-09
-0.34347,0.36057,1.845e-18,-0.070356,0.39281,6.7601e-19,1.955e-09
-0.025459,0.31757,1.8363e-18,-0.24877,0.2606,7.3522e-19,8.942e-10
-0.21013,0.32998,2.1732e-18,-0.26022,0.2189,1.0023e-18,8.471e-10
-0.14745,0.30409,1.9098e-18,-0.20884,0.4149,1.2412e-18,1.825e-09
-0.017312,0.33246,1.9988e-18,-0.21262,0.22811,7.9788e-19,9.52e-10
-0.00021264,0.37551,1.9674e-18,-0.27061,0.38032,6.9889e-19,2.335e-09
-0.07649,0.29612,2.1289e-18,-0.088796,0.42775,1.5846e-18,2.704e-09
-0.02712,0.40334,2.1677e-18,-0.075867,0.41429,1.0097e-18,3.775e-09
-0.045774,0.42437,1.9657e-18,-0.077018,0.36867,8.3211e-19,2.963e-09
-0.26659,0.37168,1.8795e-18,-0.28322,0.41812,9.9372e-19,1.967e-09
-0.11424,0.34423,2.0304e-18,-0.30021,0.2363,8.1952e-19,9.023e-10
-0.37069,0.34606,1.7104e-18,-0.15474,0.23873,7.0747e-19,8.52e-10
-0.32275,0.40125,2.0582e-18,-0.224,0.4122,1.3592e-18,2.304e-09
-0.37153,0.40875,1.8574e-18,-0.15466,0.31091,1.4232e-18,1.518e-09
-0.22298,0.28253,1.9256e-18,-0.3254,0.31516,1.4167e-18,1.066e-09
-0.21318,0.32003,1.7372e-18,-0.33647,0.24707,8.7032e-19,8.127e-10
-0.1988,0.36326,1.7333e-18,-0.047222,0.23742,1.1408e-18,1.028e-09
-0.35202,0.41944,1.7601e-18,-0.22984,0.41919,8.152e-19,2.162e-09
-0.16852,0.34985,1.8546e-18,-0.3174,0.37074,1.5726e-18,1.633e-09
-0.18531,0.37157,1.841e-18,-0.12005,0.29534,1.195e-18,1.213e-09
-0.23039,0.30887,1.9837e-18,-0.11009,0.36453,5.8137e-19,1.261e-09
0.0043797,0.29589,1.8556e-18,-0.2179,0.35831,7.8752e-19,1.256e-09
-0.19935,0.28913,2.0777e-18,-0.16308,0.31781,1.176e-18,1.069e-09
-0.35954,0.31252,2.132e-18,-0.027412,0.30562,1.0484e-18,1.33e-09
-0.3422,0.41644,1.7287e-18,-0.30656,0.21085,1.0731e-18,1.209e-09
-0.034719,0.28071,1.842e-18,-0.18778,0.25866,1.3107e-18,8.415e-10
-0.24256,0.30143,2.1092e-18,-0.15921,0.31649,1.5107e-18,1.16e-09
-0.036653,0.42,1.9033e-18,-0.29825,0.40151,6.6937e-19,2.811e-09
-0.35373,0.3304,1.8647e-18,-0.14456,0.21235,1.0937e-18,8.048e-10
-0.27322,0.27552,1.9493e-18,-0.30479,0.21797,1.4457e-18,7.337e-10
0.0076507,0.31037,1.7395e-18,-0.25253,0.27265,1.4299e-18,1.063e-09
-0.27767,0.2786,2.0616e-18,-0.15024,0.24811,1.272e-18,8.114e-10
-0.25594,0.29195,2.048e-18,-0.32775,0.42871,1.3874e-18,2.058e-09
-0.12787,0.35226,1.9773e-18,-0.11761,0.22415,8.1331e-19,9.084e-10
-0.08654,0.30192,1.7582e-18,-0.21705,0.38335,7.9557e-19,1.326e-09
-0.030742,0.40567,1.7857e-18,-0.28213,0.42299,8.6506e-19,2.744e-09
-0.24902,0.35023,1.8144e-18,-0.30404,0.41695,1.0152e-18,1.856e-09
-0.020889,0.31876,2.1141e-18,-0.26498,0.41275,8.7799e-19,1.778e-09
0.0062308,0.36926,1.9874e-18,-0.088185,0.23474,9.5299e-19,1.897e-09
-0.33346,0.38981,2.1546e-18,-0.093734,0.21868,1.1846e-18,1.16e-09
-0.24511,0.29189,2.1527e-18,-0.032198,0.2172,1.5963e-18,8.627e-10
0.0020249,0.34908,1.9514e-18,-0.17659,0.23268,5.9499e-19,1.26e-09
-0.14049,0.31098,1.7801e-18,-0.15587,0.32978,1.4517e-18,1.202e-09
-0.24719,0.41426,1.8518e-18,-0.07533,0.31135,9.4361e-19,1.607e-09
-0.35561,0.30052,2.1185e-18,-0.23802,0.32024,6.0057e-19,9.91e-10
-0.38023,0.36093,1.9055e-18,-0.072092,0.37652,6.5936e-19,1.745e-09
-0.35881,0.42753,2.031e-18,-0.22813,0.23213,5.7857e-19,1.423e-09
-0.18722,0.36841,1.8942e-18,-0.10804,0.27495,1.4961e-18,1.175e-09
-0.2417,0.28577,1.7593e-18,-0.22339,0.36642,5.4399e-19,1.102e-09
-0.14831,0.36031,2.0848e-18,-0.32437,0.42539,1.5286e-18,2.339e-09
-0.35915,0.27956,2.039e-18,-0.12787,0.43465,8.3675e-19,1.945e-09
-0.13495,0.32511,1.9419e-18,-0.21385,0.42026,1.3484e-18,2.014e-09
-0.056214,0.29866,2.1271e-18,-0.22469,0.43738,8.5192e-19,1.916e-09
-0.34186,0.41478,2.0774e-18,-0.15996,0.21692,1.4734e-18,1.333e-09
-0.2916,0.37815,1.9323e-18,-0.11152,0.4005,7.9065e-19,1.925e-09
-0.33763,0.37626,1.8312e-18,-0.31322,0.26865,8.4704e-19,1.074e-09
-0.098182,0.34731,1.8442e-18,-0.20058,0.30478,7.7568e-19,1.076e-09
-0.13019,0.39918,1.7207e-18,-0.33129,0.26082,1.0068e-18,1.193e-09
-0.14994,0.33383,2.1199e-18,-0.053816,0.24494,7.5354e-19,9.599e-10
-0.28222,0.39349,1.81e-18,-0.29048,0.26911,1.0323e-18,1.185e-09
-0.098515,0.39517,1.991e-18,-0.18594,0.24965,1.0919e-18,1.248e-09
-0.064863,0.38311,1.9808e-18,-0.035856,0.25876,6.5482e-19,1.373e-09
-0.34936,0.35318,1.7541e-18,-0.27684,0.3843,7.2518e-19,1.449e-09
-0.20741,0.39227,1.9117e-18,-0.030928,0.36779,6.8154e-19,2.349e-09
-0.11945,0.34208,2.0229e-18,-0.15762,0.4322,1.3573e-18,2.338e-09
0.032158,0.37212,1.8481e-18,-0.17455,0.41677,1.4122e-18,4.565e-09
-0.047794,0.41136,2.0318e-18,-0.1207,0.36736,1.0426e-18,2.377e-09
-0.10356,0.39874,1.9869e-18,-0.28079,0.43173,1.3861e-18,2.595e-09
-0.19802,0.30708,1.9163e-18,-0.062211,0.28333,8.6637e-19,9.817e-10
0.019103,0.39967,1.8177e-18,-0.26439,0.29766,1.0446e-18,4.631e-09
-0.37956,0.40681,2.1161e-18,-0.31461,0.35054,1.6014e-18,1.834e-09
-0.28541,0.38081,2.1581e-18,-0.073898,0.2352,1.5629e-18,1.192e-09
-0.23973,0.30437,1.9647e-18,-0.32091,0.40463,1.4724e-18,1.811e-09
-0.36848,0.356,1.8279e-18,-0.26208,0.28404,1.3312e-18,1.098e-09
-0.34149,0.41004,1.9452e-18,-0.095557,0.40764,1.0277e-18,2.48e-09
-0.38457,0.42492,1.7688e-18,-0.30956,0.27534,1.5765e-18,1.484e-09
-0.2609,0.32403,1.8326e-18,-0.28926,0.4239,6.115e-19,1.633e-09
-0.062019,0.42118,1.7227e-18,-0.18184,0.29034,1.3369e-18,1.816e-09
-0.087689,0.42735,1.9993e-18,-0.23635,0.3307,1.249e-18,1.964e-09
0.013156,0.29288,1.928e-18,-0.28645,0.34877,5.9947e-19,1.181e-09
-0.091903,0.31193,2.1485e-18,-0.056527,0.3904,9.9769e-19,2.086e-09
-0.32689,0.28608,1.901e-18,-0.26102,0.36612,8.4173e-19,1.206e-09
-0.3622,0.34764,1.7216e-18,-0.16035,0.2474,1.1728e-18,9.225e-10
-0.072478,0.29639,1.7658e-18,-0.1477,0.33316,1.2351e-18,1.148e-09
-0.021622,0.33187,2.1294e-18,-0.087153,0.3564,1.2677e-18,1.69e-09
-0.13754,0.36399,2.1179e-18,-0.079867,0.35147,1.2839e-18,1.706e-09
-0.25941,0.2865,2.0275e-18,-0.15047,0.39445,5.7258e-19,1.348e-09
-0.028302,0.32651,2.0058e-18,-0.08926,0.2638,1.2038e-18,1.051e-09
-0.13056,0.42018,1.9145e-18,-0.13454,0.23069,1.3315e-18,1.399e-09
-0.21764,0.42315,1.8153e-18,-0.26811,0.34734,1.1464e-18,1.746e-09
-0.058361,0.41568,2.169e-18,-0.20818,0.29319,1.1912e-18,1.924e-09
-0.1599,0.34586,1.8459e-18,-0.33691,0.39924,1.1546e-18,1.728e-09
-0.26539,0.3191,1.9017e-18,-0.034784,0.4265,9.3802e-19,3.752e-09
-0.29372,0.28538,1.7702e-18,-0.18257,0.37843,6.1656e-19,1.199e-09
-0.099908,0.27403,2.068e-18,-0.24306,0.4327,1.3758e-18,2.076e-09
-0.30682,0.41632,1.8715e-18,-0.20963,0.42939,1.0254e-18,2.418e-09
-0.20135,0.28329,1.7109e-18,-0.14329,0.3004,1.1647e-18,9.436e-10
-0.10765,0.42423,1.9206e-18,-0.14405,0.35927,1.0496e-18,1.975e-09
-0.0029048,0.38922,2.0616e-18,-0.080381,0.33142,5.458e-19,2.748e-09
-0.059956,0.37653,2.0442e-18,-0.23675,0.40807,1.019e-18,2.047e-09
-0.1942,0.34304,2.1005e-18,-0.24436,0.38674,1.1514e-18,1.652e-09
-0.1226,0.39304,2.0768e-18,-0.13267,0.3123,1.2327e-18,1.479e-09
-0.044267,0.42637,1.8665e-18,-0.2458,0.32337,1.2337e-18,2.467e-09
-0.20671,0.37234,1.9199e-18,-0.073221,0.22492,1.2262e-18,1.041e-09
0.027067,0.32566,2.1494e-18,-0.23013,0.27813,1.5755e-18,1.521e-09
-0.11069,0.27835,1.8872e-18,-0.11853,0.28731,6.4554e-19,8.368e-10
-0.2806,0.39124,1.9447e-18,-0.044602,0.24207,7.2575e-19,1.217e-09
-0.07329,0.35183,1.9123e-18,-0.20832,0.37656,1.4462e-18,1.699e-09
0.029006,0.37883,1.8473e-18,-0.16205,0.30815,1.5914e-18,3.958e-09
-0.27877,0.36259,2.1229e-18,-0.057097,0.25087,9.1256e-19,1.108e-09
-0.13115,0.3099,2.0515e-18,-0.14106,0.27737,1.2722e-18,9.711e-10
-0.031677,0.32677,1.9391e-18,-0.31218,0.3323,1.335e-18,1.304e-09
-0.17265,0.30075,1.7981e-18,-0.30538,0.32459,1.3881e-18,1.128e-09
-0.063216,0.38682,1.7186e-18,-0.15293,0.40596,1.0291e-18,2.074e-09
-0.35137,0.39884,1.8056e-18,-0.3036,0.3187,1.0329e-18,1.392e-09
-0.32961,0.33694,1.7175e-18,-0.23766,0.33117,8.6899e-19,1.131e-09
-0.06683,0.3037,1.908e-18,-0.19133,0.39707,8.5998e-19,1.494e-09
-0.26249,0.30634,1.9374e-18,-0.058761,0.2217,1.5251e-18,8.434e-10
-0.045435,0.42389,1.9053e-18,-0.033049,0.43599,1.4143e-18,7.246e-09
-0.20188,0.37074,1.7779e-18,-0.28253,0.4298,1.1346e-18,2.156e-09
-0.29993,0.33909,1.8316e-18,-0.31371,0.25334,1.4266e-18,9.521e-10
-0.30296,0.32282,2.0878e-18,-0.025813,0.43326,1.4871e-18,5.698e-09
-0.29896,0.40981,2.0661e-18,-0.31924,0.392,1.4749e-18,2.174e-09
-0.0023069,0.42105,1.7721e-18,-0.32621,0.21023,1.1745e-18,3.89e-09
-0.30733,0.295,1.9876e-18,-0.14359,0.21045,9.1791e-19,7.163e-10
-0.33893,0.35098,2.1571e-18,-0.29753,0.25019,1.0418e-18,9.937e-10
-0.041509,0.31728,2.1369e-18,-0.040146,0.23611,1.3778e-18,9.997e-10
-0.11601,0.39107,2.0597e-18,-0.27852,0.36204,6.2907e-19,1.56e-09
-0.06472,0.2943,1.7891e-18,-0.16877,0.2657,5.5463e-19,7.824e-10
-0.13291,0.27473,2.1279e-18,-0.12532,0.39219,1.1429e-18,1.581e-09
-0.27092,0.2776,2.0667e-18,-0.33242,0.40007,9.5901e-19,1.495e-09
-0.12872,0.33017,1.822e-18,-0.30876,0.27204,1.2392e-18,9.64e-10
-0.037783,0.40108,1.9044e-18,-0.25748,0.30123,7.0372e-19,1.772e-09
-0.0013236,0.30782,1.9531e-18,-0.21626,0.21177,6.7973e-19,8.215e-10
-0.062532,0.29709,1.7962e-18,-0.2117,0.35995,6.0563e-19,1.127e-09
0.030354,0.41157,2.0001e-18,-0.30238,0.36365,5.8968e-19,9.476e-09
-0.018765,0.41732,2.1657e-18,-0.1985,0.28771,6.7793e-19,3.066e-09
-0.33623,0.29683,1.9441e-18,-0.31254,0.25601,8.745e-19,8.07e-10
-0.22879,0.40478,1.9883e-18,-0.33292,0.4017,1.321e-18,2.159e-09
-0.069957,0.40797,1.8438e-18,-0.067774,0.39943,8.0852e-19,2.724e-09
-0.20794,0.27456,1.8863e-18,-0.24721,0.41995,9.5476e-19,1.656e-09
-0.33808,0.3622,2.1633e-18,-0.12475,0.27875,7.6152e-19,1.109e-09
-0.094668,0.35064,1.8679e-18,-0.12739,0.4102,1.2215e-18,2.038e-09
-0.20893,0.36077,1.9586e-18,-0.29203,0.43135,1.1572e-18,2.187e-09
-0.1213,0.40009,1.9332e-18,-0.12608,0.27585,5.5194e-19,1.277e-09
0.0093243,0.40439,1.7761e-18,-0.25508,0.26127,1.2689e-18,3.822e-09
-0.14618,0.37202,1.7943e-18,-0.080772,0.28266,7.9368e-19,1.151e-09
-0.21147,0.29729,2.1329e-18,-0.1691,0.37195,7.6811e-19,1.29e-09
-0.37707,0.28759,1.8052e-18,-0.19819,0.304,1.3412e-18,9.995e-10
-0.21404,0.36683,1.9542e-18,-0.11829,0.2243,1.2164e-18,9.918e-10
-0.093673,0.29579,2.1249e-18,-0.16692,0.22907,1.0854e-18,7.872e-10
-0.1286,0.29054,1.9621e-18,-0.091933,0.41929,9.4641e-19,2.029e-09
-0.38356,0.42843,1.7351e-18,-0.055476,0.40989,1.2626e-18,3.417e-09
-0.24959,0.40412,1.8025e-18,-0.26671,0.2747,8.5101e-19,1.249e-09
-0.025965,0.39288,2.0821e-18,-0.034487,0.31943,6.4928e-19,2.372e-09
-0.073856,0.381,2.1475e-18,-0.18292,0.27953,9.4875e-19,1.29e-09
-0.28312,0.31673,1.7606e-18,-0.16789,0.34648,1.3991e-18,1.298e-09
-0.24435,0.31524,1.9893e-18,-0.28461,0.38993,1.2648e-18,1.609e-09
-0.016221,0.32022,1.7511e-18,-0.23039,0.39538,6.968e-19,1.506e-09
-0.053272,0.40697,1.9728e-18,-0.13254,0.37042,1.3276e-18,2.264e-09
-0.12193,0.30352,2.1455e-18,-0.28951,0.22257,1.5273e-18,8.271e-10
-0.38384,0.36534,1.9061e-18,-0.20566,0.26232,7.4643e-19,1.012e-09
-0.14539,0.38639,2.1103e-18,-0.17387,0.26917,7.405e-19,1.194e-09
-0.1479,0.32191,2.057e-18,-0.32985,0.21814,8.7144e-19,7.975e-10
-0.29077,0.34024,1.7128e-18,-0.10425,0.28868,1.1832e-18,1.053e-09
-0.3648,0.29884,1.946e-18,-0.081015,0.41802,1.5009e-18,2.476e-09
0.0055037,0.31408,1.9158e-18,-0.2853,0.21892,7.8546e-19,9.015e-10
-0.10276,0.42044,1.9498e-18,-0.32925,0.42119,5.9884e-19,2.233e-09
-0.23602,0.39938,1.856e-18,-0.11905,0.24304,1.2085e-18,1.2e-09
-0.16629,0.34897,2.1723e-18,-0.27412,0.29377,1.4308e-18,1.184e-09
-0.010653,0.30015,2.0404e-18,-0.21434,0.27636,1.0532e-18,9.654e-10
-0.37357,0.37102,1.9639e-18,-0.26985,0.21487,1.4407e-18,9.975e-10
-0.1314,0.41166,1.7459e-18,-0.3094,0.35477,8.1108e-19,1.62e-09
-0.013921,0.30312,1.749e-18,-0.21506,0.28543,7.2159e-19,9.148e-10
-0.15137,0.42765,1.8328e-18,-0.21414,0.22475,1.0693e-18,1.397e-09
0.010212,0.36638,2.0505e-18,-0.092934,0.35941,1.2363e-18,2.649e-09
-0.22172,0.411,1.7635e-18,-0.25379,0.40847,7.0913e-19,1.942e-09
-0.17596,0.36159,1.7076e-18,-0.21595,0.4296,8.0137e-19,1.919e-09
-0.26163,0.40207,2.0225e-18,-0.19924,0.25093,7.1804e-19,1.226e-09
-0.30039,0.30659,2.0418e-18,-0.30423,0.25352,1.4387e-18,8.962e-10
-0.11356,0.29768,2.1074e-18,-0.15661,0.33963,9.675e-19,1.16e-09
0.011652,0.4035,2.1019e-18,-0.20499,0.29073,1.3655e-18,4.488e-09
-0.34083,0.32635,1.7105e-18,-0.29371,0.3337,8.2082e-19,1.101e-09
-0.072209,0.33294,1.8643e-18,-0.060659,0.37533,8.9009e-19,1.798e-09
-0.27738,0.35754,1.924e-18,-0.1674,0.33047,7.2333e-19,1.214e-09
-0.024585,0.3061,1.8299e-18,-0.22411,0.4161,5.4777e-19,1.538e-09
-0.13725,0.29167,1.8606e-18,-0.12845,0.2823,1.5495e-18,9.688e-10
-0.1847,0.2813,1.9353e-18,-0.051885,0.2912,1.0724e-18,1.014e-09
-0.1649,0.28159,2.1574e-18,-0.28098,0.38652,1.2972e-18,1.529e-09
-0.37203,0.37449,1.7528e-18,-0.3269,0.26508,1.0838e-18,1.066e-09
-0.20477,0.35481,1.8188e-18,-0.11561,0.40711,8.5842e-19,1.863e-09
-0.31242,0.39602,2.0363e-18,-0.33167,0.30275,1.6025e-18,1.453e-09
-0.23732,0.38065,1.9923e-18,-0.1047,0.25658,1.4827e-18,1.189e-09
-0.12394,0.33315,2.1168e-18,-0.31455,0.25179,1.4051e-18,9.714e-10
-0.35544,0.36887,1.8268e-18,-0.25528,0.37321,1.3446e-18,1.651e-09
-0.12063,0.38823,1.8129e-18,-0.02829,0.36468,9.5683e-19,2.407e-09
-0.22246,0.33727,1.8703e-18,-0.18986,0.29957,8.9235e-19,1.036e-09
-0.013464,0.28628,2.0342e-18,-0.32865,0.41761,1.4368e-18,1.964e-09
-0.37651,0.41466,1.9003e-18,-0.33049,0.42455,1.2948e-18,2.476e-09
-0.1457,0.34821,2.1149e-18,-0.2222,0.42363,1.0344e-18,2.01e-09
-0.29775,0.39807,1.8747e-18,-0.091419,0.28156,1.4982e-18,1.378e-09
-0.052784,0.27492,1.8886e-18,-0.29303,0.26157,1.1701e-18,8.183e-10
-0.15521,0.3945,1.9764e-18,-0.22439,0.28439,1.2009e-18,1.307e-09
-0.18707,0.29096,2.0156e-18,-0.2402,0.39643,1.338e-18,1.643e-09
-0.10034,0.34654,1.7199e-18,-0.18042,0.38626,1.194e-18,1.629e-09
-0.033832,0.42407,1.9141e-18,-0.20003,0.40975,1.4765e-18,3.482e-09
-0.051173,0.37384,1.8661e-18,-0.13102,0.40571,1.5857e-18,2.357e-09
-0.38448,0.39264,1.8162e-18,-0.2131,0.2576,5.6395e-19,1.108e-09
-0.36137,0.37738,1.896e-18,-0.17708,0.32152,1.2256e-18,1.351e-09
-0.16393,0.29964,1.9249e-18,-0.22771,0.22284,1.0635e-18,7.537e-10
-0.080016,0.31352,1.9414e-18,-0.065752,0.41991,6.4219e-19,2.294e-09
-0.011608,0.27717,1.8161e-18,-0.11724,0.28252,7.1349e-19,8.54e-10
-0.32229,0.40518,1.9523e-18,-0.065375,0.34855,6.902e-19,1.831e-09
-0.2584,0.3854,1.8544e-18,-0.31574,0.39586,1.2457e-18,1.908e-09
-0.36404,0.30227,1.7068e-18,-0.23211,0.28582,6.8479e-19,8.473e-10
-0.090991,0.3279,2.1068e-18,-0.031422,0.29915,7.0645e-19,1.262e-09
-0.37561,0.39678,1.8468e-18,-0.26946,0.32406,6.4668e-19,1.343e-09
-0.29949,0.41979,1.976e-18,-0.32628,0.33487,1.0643e-18,1.681e-09
-0.36065,0.32161,1.8816e-18,-0.23881,0.31784,5.9133e-19,1.003e-09
-0.32259,0.40659,1.7377e-18,-0.11453,0.33384,1.0397e-18,1.559e-09
0.013623,0.38233,2.114e-18,-0.33811,0.31109,1.0054e-18,3.048e-09
-0.16276,0.32111,1.7717e-18,-0.17072,0.43663,1.3674e-18,2.256e-09
-0.34411,0.30165,2.0726e-18,-0.29016,0.41087,1.1045e-18,1.723e-09
0.014722,0.35561,1.8973e-18,-0.048016,0.32803,1.4967e-18,2.435e-09
-0.29181,0.31365,2.0178e-18,-0.31624,0.38392,1.23e-18,1.543e-09
-0.3497,0.38782,1.9961e-18,-0.33335,0.30992,1.206e-18,1.363e-09
-0.026238,0.39482,1.8019e-18,-0.054793,0.21742,6.6399e-19,1.699e-09
-0.11698,0.37891,1.751e-18,-0.069598,0.33271,1.0743e-18,1.541e-09
-0.21491,0.42558,1.949e-18,-0.24654,0.32815,6.7146e-19,1.628e-09
-0.17367,0.31949,1.8722e-18,-0.28346,0.24443,1.353e-18,8.718e-10
0.030535,0.40492,1.8242e-18,-0.078676,0.27399,1.054e-18,7.75e-09
-0.21665,0.31631,2.0203e-18,-0.28558,0.37343,1.1612e-18,1.444e-09
-0.19696,0.38843,2.1247e-18,-0.048362,0.24004,1.1874e-18,1.266e-09
-0.25678,0.37704,1.7861e-18,-0.282,0.30773,7.0094e-19,1.169e-09
-0.31464,0.29547,2.0891e-18,-0.042643,0.28645,6.3296e-19,1.008e-09
-0.079189,0.37312,2.1353e-18,-0.30632,0.22829,1.5294e-18,1.129e-09
-0.18842,0.40992,2.0732e-18,-0.17222,0.22322,1.1289e-18,1.283e-09
-0.08366,0.41378,1.7588e-18,-0.22613,0.31724,8.6268e-19,1.585e-09
0.02713,0.33125,2.0214e-18,-0.21578,0.30884,6.0941e-19,1.583e-09
-0.21134,0.32747,1.9134e-18,-0.22161,0.26421,8.2959e-19,8.939e-10
-0.16408,0.33999,1.9736e-18,-0.11951,0.38495,1.2377e-18,1.729e-09
-0.016571,0.3759,2.0382e-18,-0.24753,0.43054,5.7961e-19,2.397e-09
-0.27681,0.35706,2.0974e-18,-0.12211,0.38171,7.9129e-19,1.63e-09
-0.30791,0.42149,1.8729e-18,-0.054441,0.41521,1.3546e-18,3.682e-09
-0.22377,0.28465,2.0295e-18,-0.17088,0.36046,1.1583e-18,1.287e-09
-0.36455,0.30868,1.7063e-18,-0.15714,0.25588,1.3797e-18,8.655e-10
-0.04926,0.30847,1.8286e-18,-0.26746,0.29938,1.2147e-18,1.024e-09
-0.081338,0.40905,2.1207e-18,-0.07644,0.24371,5.9813e-19,1.497e-09
-0.23265,0.38353,2.1536e-18,-0.25932,0.33297,1.5748e-18,1.567e-09
-0.063935,0.37484,1.894e-18,-0.085204,0.24251,9.6986e-19,1.151e-09
-0.2873,0.32499,2.1391e-18,-0.2626,0.35129,1.2499e-18,1.36e-09
-0.25791,0.34175,2.0356e-18,-0.28841,0.32897,1.3499e-18,1.289e-09
0.032252,0.31211,1.8925e-18,-0.1151,0.40388,8.3515e-19,2.109e-09
-0.057493,0.41822,1.8845e-18,-0.19311,0.38932,1.5046e-18,2.544e-09
-0.12202,0.40927,1.7835e-18,-0.20652,0.30485,8.8317e-19,1.416e-09
-0.335,0.31427,2.0081e-18,-0.14883,0.24062,1.5967e-18,8.933e-10
-0.14009,0.32977,1.9214e-18,-0.14595,0.21395,1.1081e-18,8.168e-10
-0.34591,0.29214,1.7146e-18,-0.25945,0.3703,1.1965e-18,1.33e-09
-0.17832,0.39686,1.9732e-18,-0.044064,0.4069,1.5616e-18,3.639e-09
0.019836,0.34197,1.7198e-18,-0.29725,0.32183,1.5782e-18,1.765e-09
-0.23957,0.33855,1.972e-18,-0.049589,0.26612,5.8576e-19,1.015e-09
-0.10947,0.28412,1.8531e-18,-0.12966,0.24678,8.1782e-19,7.528e-10
0.021956,0.38022,2.1378e-18,-0.20162,0.22664,1.1595e-18,3.171e-09
-0.12714,0.41967,1.7556e-18,-0.21109,0.40951,1.5912e-18,2.457e-09
-0.30367,0.37121,2.123e-18,-0.26903,0.31196,1.3775e-18,1.342e-09
-0.35778,0.2744,2.0718e-18,-0.31648,0.29481,1.2595e-18,9.509e-10
-0.19372,0.36387,2.0834e-18,-0.036388,0.40547,7.1174e-19,2.991e-09
-0.23822,0.28881,2.1728e-18,-0.063189,0.42721,1.276e-18,2.947e-09
-0.38035,0.32907,2.1035e-18,-0.069959,0.36593,1.2818e-18,1.747e-09
-0.22085,0.32303,2.015e-18,-0.23367,0.21523,1.2114e-18,8.155e-10
0.0029442,0.27607,1.7039e-18,-0.049212,0.38302,1.2966e-18,2.041e-09
-0.33466,0.35116,2.1336e-18,-0.041146,0.42578,9.267e-19,3.698e-09
-0.0076332,0.29257,1.8855e-18,-0.028151,0.33762,6.5634e-19,1.502e-09
-0.35729,0.31288,2.0236e-18,-0.18484,0.33696,6.9499e-19,1.102e-09
-0.30584,0.40922,1.8336e-18,-0.25045,0.22684,6.6502e-19,1.182e-09
0.013773,0.27815,1.8e-18,-0.13497,0.31936,1.5686e-18,1.186e-09
-0.092166,0.28093,2.1438e-18,-0.22915,0.37989,7.8302e-19,1.298e-09
-0.34543,0.32331,1.8892e-18,-0.19029,0.32293,7.7378e-19,1.067e-09
-0.23023,0.27739,1.7314e-18,-0.30722,0.33439,1.5212e-18,1.158e-09
-0.047232,0.37279,2.0674e-18,-0.31032,0.41309,5.4887e-19,1.899e-09
-0.33676,0.3494,1.8215e-18,-0.23509,0.28028,7.4472e-19,9.822e-10
-0.25515,0.37735,1.9037e-18,-0.14498,0.25281,1.066e-18,1.083e-09
-0.35259,0.32474,1.9845e-18,-0.10045,0.43716,1.0774e-18,2.507e-09
-0.083065,0.39712,2.1638e-18,-0.10485,0.33795,1.4554e-18,1.847e-09
-0.087342,0.33432,1.8319e-18,-0.083206,0.42043,1.5341e-18,2.658e-09
-0.14684,0.35411,1.9745e-18,-0.27762,0.30681,1.5056e-18,1.242e-09
-0.274,0.35861,1.9293e-18,-0.093474,0.25955,9.626e-19,1.036e-09
-0.20072,0.3487,1.9171e-18,-0.11186,0.42329,1.133e-18,2.256e-09
-0.36533,0.35542,1.9607e-18,-0.090081,0.33564,1.3732e-18,1.472e-09
-0.36163,0.33364,1.9559e-18,-0.22889,0.3389,1.5025e-18,1.343e-09
-0.33942,0.37695,1.8584e-18,-0.037251,0.28068,1.2753e-18,1.362e-09
-0.20146,0.36734,1.7295e-18,-0.034107,0.23134,8.6232e-19,1.031e-09
-0.37769,0.37752,1.7817e-18,-0.12868,0.27252,5.4719e-19,1.063e-09
-0.37837,0.40283,1.8983e-18,-0.27362,0.36186,1.4659e-18,1.796e-09
-0.16695,0.341,1.8725e-18,-0.084139,0.36285,1.5553e-18,1.713e-09
-0.15037,0.42836,2.0529e-18,-0.14298,0.26805,6.0722e-19,1.551e-09
-0.064432,0.28518,1.9572e-18,-0.30824,0.32642,1.4569e-18,1.147e-09
-0.24295,0.34042,2.0946e-18,-0.17849,0.22745,8.7704e-19,8.796e-10
-0.32182,0.40835,1.7416e-18,-0.053173,0.29844,8.5611e-19,1.517e-09
-0.050402,0.33136,1.705e-18,-0.26053,0.28186,6.7003e-19,9.39e-10
-0.31691,0.41245,2.063e-18,-0.051299,0.26362,8.0637e-19,1.49e-09
-0.099382,0.37856,1.92e-18,-0.12983,0.37246,1.3464e-18,1.811e-09
-0.20973,0.28225,2.1327e-18,-0.03567,0.27302,1.1718e-18,1.013e-09
-0.1608,0.30504,1.9626e-18,-0.23836,0.25707,7.5712e-19,8.171e-10
-0.19153,0.37405,1.9739e-18,-0.11389,0.30008,1.3892e-18,1.309e-09
-0.052233,0.4097,1.7577e-18,-0.12536,0.30836,1.5991e-18,1.867e-09
-0.36327,0.3034,1.8371e-18,-0.31993,0.27323,8.4929e-19,8.514e-10
-0.19071,0.3148,2.1669e-18,-0.15898,0.33421,1.0374e-18,1.198e-09
-0.1952,0.40602,1.8071e-18,-0.10953,0.23977,1.1804e-18,1.232e-09
-0.25319,0.30737,1.8901e-18,-0.13319,0.41887,1.3636e-18,2.042e-09
-0.086081,0.39845,1.8383e-18,-0.14151,0.41777,1.3019e-18,2.456e-09
-0.30066,0.40561,1.975e-18,-0.18634,0.23081,1.0672e-18,1.225e-09
-0.22411,0.36236,1.8306e-18,-0.18004,0.29184,6.2125e-19,1.054e-09
-0.27223,0.37426,1.8142e-18,-0.15211,0.29237,1.288e-18,1.204e-09
-0.15458,0.40239,2.1412e-18,-0.31977,0.39065,1.5504e-18,2.166e-09
0.025815,0.29479,1.8655e-18,-0.12048,0.33772,7.5802e-19,1.276e-09
-0.24351,0.35526,2.0305e-18,-0.24827,0.37291,1.3052e-18,1.622e-09
-0.26948,0.38306,1.9928e-18,-0.17511,0.27936,1.3901e-18,1.245e-09
-0.22005,0.31376,1.9387e-18,-0.11992,0.43769,9.8532e-19,2.224e-09
-0.35254,0.38121,1.9365e-18,-0.25821,0.43566,1.0118e-18,2.26e-09
-0.1052,0.35499,1.8799e-18,-0.16425,0.33014,5.9514e-19,1.182e-09
-0.10145,0.36541,1.881e-18,-0.33384,0.31269,1.4508e-18,1.303e-09
-0.32139,0.40584,1.7955e-18,-0.21986,0.30182,7.9625e-19,1.336e-09
-0.0073055,0.42811,1.9435e-18,-0.23327,0.38821,1.5262e-18,5.545e-09
-0.18135,0.27919,2.1388e-18,-0.19579,0.23329,1.3366e-18,7.851e-10
-0.26818,0.39009,1.8239e-18,-0.22303,0.32065,1.4902e-18,1.44e-09
-0.033024,0.35935,1.7302e-18,-0.2172,0.43614,1.1151e-18,2.337e-09
-0.27042,0.42803,1.7785e-18,-0.29407,0.30577,9.4228e-19,1.548e-09
-0.22139,0.33657,1.9272e-18,-0.18879,0.39114,9.6152e-19,1.574e-09
-0.31861,0.37523,1.996e-18,-0.045587,0.32581,1.4625e-18,1.73e-09
-0.18555,0.31026,2.0264e-18,-0.28286,0.24839,1.243e-18,8.671e-10
-0.26507,0.3013,1.9566e-18,-0.043247,0.27888,1.4083e-18,1.075e-09
-0.021448,0.30576,1.7026e-18,-0.24984,0.33637,7.0483e-19,1.085e-09
-0.11902,0.41052,1.9283e-18,-0.072859,0.24937,5.4263e-19,1.361e-09
-0.17107,0.27633,2.1592e-18,-0.25795,0.34774,7.5127e-19,1.093e-09
-0.023256,0.33324,1.7735e-18,-0.12898,0.43285,1.1979e-18,2.381e-09
-0.22582,0.40243,1.9683e-18,-0.31581,0.39992,9.9482e-19,1.983e-09
-0.0043274,0.35851,1.785e-18,-0.29571,0.26688,1.2128e-18,1.401e-09
-0.3812,0.41776,1.9649e-18,-0.18709,0.37375,1.1319e-18,1.938e-09
-0.3581,0.35331,1.8507e-18,-0.17006,0.42342,8.4081e-19,1.901e-09
-0.21721,0.3317,1.7741e-18,-0.27979,0.40304,1.499e-18,1.851e-09
-0.13865,0.40715,1.9935e-18,-0.081317,0.34809,1.6124e-18,2.013e-09
-0.14356,0.42626,2.0684e-18,-0.11527,0.22103,5.6865e-19,1.456e-09
0.023034,0.38503,1.978e-18,-0.22127,0.23226,1.3159e-18,3.527e-09
-0.089117,0.28367,2.0046e-18,-0.25441,0.378,1.3493e-18,1.464e-09
-0.0088382,0.37189,1.9554e-18,-0.082773,0.35246,9.9952e-19,2.183e-09
-0.14179,0.34223,1.9831e-18,-0.13978,0.31342,1.0996e-18,1.176e-09
-0.34014,0.27785,1.8682e-18,-0.22742,0.33471,1.149e-18,1.093e-09
-0.070358,0.39658,1.9862e-18,-0.20947,0.29417,1.1857e-18,1.48e-09
0.00048558,0.39198,2.1458e-18,-0.037695,0.36008,1.2582e-18,4.085e-09
-0.05701,0.28029,1.9395e-18,-0.25079,0.25194,9.8331e-19,7.848e-10
-0.31494,0.36831,2.0814e-18,-0.16535,0.35041,1.4797e-18,1.583e-09
-0.38169,0.36497,2.1307e-18,-0.13199,0.39844,5.5068e-19,1.707e-09
-0.0016309,0.38829,1.8378e-18,-0.09795,0.27666,1.4105e-18,2.398e-09
-0.37516,0.38654,1.8787e-18,-0.04546,0.43066,5.6741e-19,3.551e-09
-0.085211,0.40814,2.0796e-18,-0.32276,0.2163,1.5032e-18,1.391e-09
-0.10464,0.33957,1.7319e-18,-0.25851,0.33986,1.2448e-18,1.278e-09
0.015001,0.3039,2.0748e-18,-0.27308,0.39748,1.1506e-18,1.795e-09
-0.29291,0.32268,1.9686e-18,-0.29618,0.3631,1.1114e-18,1.365e-09
-0.30213,0.33346,1.7234e-18,-0.27123,0.37877,6.3561e-19,1.311e-09
-0.31902,0.3869,1.7681e-18,-0.2429,0.35186,1.0131e-18,1.481e-09
-0.15774,0.40372,1.9604e-18,-0.22066,0.36974,1.5477e-18,1.922e-09
-0.32449,0.28905,1.7633e-18,-0.027052,0.35103,9.2334e-19,1.641e-09
-0.012389,0.37964,1.8698e-18,-0.31703,0.2503,1.4291e-18,1.668e-09
-0.26635,0.36666,1.8774e-18,-0.12767,0.32685,1.1542e-18,1.336e-09
0.003881,0.38887,2.1425e-18,-0.29335,0.42846,1.45e-18,3.906e-09
-0.24231,0.32132,1.8039e-18,-0.040514,0.22934,1.3805e-18,8.996e-10
-0.17224,0.36711,2.1285e-18,-0.090439,0.22387,1.1224e-18,1.033e-09
-0.20597,0.35986,1.8283e-18,-0.23563,0.3199,1.2934e-18,1.261e-09
-0.33058,0.3845,2.1049e-18,-0.25099,0.43479,9.3706e-19,2.27e-09
-0.31607,0.29254,2.0923e-18,-0.096707,0.2939,1.3609e-18,1.037e-09
0.0085861,0.37251,2.1496e-18,-0.25195,0.2677,9.811e-19,2.176e-09
0.028237,0.39735,1.7162e-18,-0.12595,0.24766,1.3165e-18,5.348e-09
-0.13398,0.27593,1.9615e-18,-0.22681,0.26001,1.3473e-18,8.373e-10
-0.28865,0.37289,1.7812e-18,-0.20445,0.38956,1.41e-18,1.837e-09
-0.16322,0.41374,1.9331e-18,-0.2398,0.4091,1.4556e-18,2.369e-09
0.01589,0.4228,1.7563e-18,-0.26939,0.27762,1.1302e-18,7.073e-09
-0.28962,0.29306,1.7443e-18,-0.15845,0.29142,1.3095e-18,9.503e-10
-0.37872,0.37514,1.7402e-18,-0.13532,0.22993,1.5121e-18,1.021e-09
-0.011383,0.2872,1.7817e-18,-0.11244,0.31879,8.6355e-19,1.042e-09
-0.35303,0.32478,2.0786e-18,-0.23942,0.30198,1.0223e-18,1.057e-09
-0.20299,0.27874,2.0137e-18,-0.065542,0.21918,9.637e-19,7.335e-10
-0.16445,0.41515,1.812e-18,-0.29383,0.42174,1.2373e-18,2.393e-09
-0.11458,0.35688,1.8459e-18,-0.25624,0.26245,1.4372e-18,1.053e-09
-0.21051,0.38385,1.7169e-18,-0.21891,0.23363,9.1701e-19,1.016e-09
-0.25409,0.33742,1.9071e-18,-0.06089,0.39515,1.4936e-18,2.399e-09
-0.22227,0.31227,2.1484e-18,-0.17035,0.28951,6.1671e-19,9.296e-10
-0.33025,0.28143,2.0912e-18,-0.29785,0.21334,9.2595e-19,7.032e-10
0.024817,0.2994,2.04e-18,-0.13366,0.2926,1.1365e-18,1.182e-09
-0.32005,0.40188,1.9299e-18,-0.11283,0.3226,7.5666e-19,1.471e-09
-0.13579,0.31046,1.871e-18,-0.29506,0.25491,1.0468e-18,8.463e-10
-0.19481,0.28499,1.9771e-18,-0.065101,0.41848,1.0895e-18,2.45e-09
-0.28765,0.37866,2.1602e-18,-0.13656,0.31974,1.3996e-18,1.456e-09
-0.24484,0.34148,1.8058e-18,-0.077935,0.29514,1.482e-18,1.182e-09
-0.22689,0.36168,1.8734e-18,-0.18389,0.24155,1.1812e-18,9.83e-10
-0.0761,0.3315,1.9922e-18,-0.036572,0.41582,1.2577e-18,3.595e-09
-0.19209,0.38722,1.7664e-18,-0.14385,0.233,8.8771e-19,1.048e-09
-0.039232,0.3414,2.1099e-18,-0.19187,0.3498,1.1697e-18,1.463e-09
-0.30316,0.38912,1.8632e-18,-0.3031,0.43116,7.6542e-19,2.081e-09
0.022618,0.38042,1.9024e-18,-0.099011,0.25894,1.5685e-18,3.396e-09
-0.034507,0.31439,2.072e-18,-0.12665,0.35518,1.0551e-18,1.382e-09
-0.32637,0.35828,1.9e-18,-0.28395,0.21413,1.5083e-18,9.341e-10
-0.075065,0.3924,2.0791e-18,-0.074143,0.26975,9.8551e-19,1.426e-09
-0.20317,0.28945,1.7131e-18,-0.15405,0.28749,1.5449e-18,9.616e-10
-0.11644,0.27562,1.9438e-18,-0.04164,0.2593,1.0558e-18,8.841e-10
-0.31287,0.34714,1.7043e-18,-0.1798,0.2629,1.0697e-18,9.48e-10
-0.25217,0.2737,1.8634e-18,-0.066067,0.35539,1.3433e-18,1.457e-09
-0.37024,0.347,2.0115e-18,-0.11885,0.42673,1.2707e-18,2.365e-09
-0.20459,0.3281,1.8386e-18,-0.041065,0.33853,1.2529e-18,1.586e-09
-0.078568,0.3643,1.7194e-18,-0.21065,0.30847,1.0302e-18,1.196e-09
-0.044719,0.34264,2.1506e-18,-0.070831,0.27434,6.5722e-19,1.127e-09
-0.29735,0.40063,1.9753e-18,-0.26516,0.22031,1.5708e-18,1.196e-09
-0.15083,0.33266,1.8927e-18,-0.032567,0.23407,9.7637e-19,9.465e-10
0.031383,0.35875,2.0903e-18,-0.067607,0.42249,6.3753e-19,4.589e-09
-0.066989,0.41304,2.0636e-18,-0.14981,0.23717,1.1736e-18,1.596e-09
0.0010102,0.41337,2.1415e-18,-0.29071,0.35289,9.2413e-19,4.67e-09
-0.07138,0.35672,1.7174e-18,-0.10742,0.28931,9.0095e-19,1.108e-09
-0.18752,0.30923,2.1072e-18,-0.32147,0.22227,6.0448e-19,7.55e-10
-0.34685,0.32831,2.0956e-18,-0.068223,0.40253,1.2131e-18,2.311e-09
-0.0048438,0.39029,1.8909e-18,-0.055959,0.28505,8.3064e-19,2.494e-09
-0.26275,0.42475,1.9245e-18,-0.29158,0.40858,7.6411e-19,2.132e-09
-0.097783,0.34375,1.733e-18,-0.10773,0.25382,1.614e-18,1.001e-09
-0.23753,0.40318,1.9077e-18,-0.10193,0.22011,1.2242e-18,1.197e-09
-0.020156,0.34002,2.0889e-18,-0.32661,0.25797,9.1164e-19,1.085e-09
-0.33583,0.28442,1.84e-18,-0.12401,0.21374,1.1863e-18,7.119e-10
-0.005309,0.30906,1.9084e-18,-0.25483,0.35424,1.2898e-18,1.407e-09
-0.2129,0.3307,1.7873e-18,-0.12368,0.32093,1.3663e-18,1.204e-09
-0.27523,0.39322,2.119e-18,-0.12637,0.26644,9.8257e-19,1.263e-09
-0.10234,0.28368,1.7363e-18,-0.29631,0.28702,1.0204e-18,8.699e-10
-0.27565,0.40613,1.9226e-18,-0.23439,0.30434,1.4012e-18,1.47e-09
-0.032147,0.33097,1.7338e-18,-0.2325,0.25416,9.6404e-19,9.318e-10
-0.22499,0.39404,1.7517e-18,-0.26865,0.33938,1.4784e-18,1.549e-09
-0.37431,0.3045,1.9103e-18,-0.02688,0.30744,9.3316e-19,1.259e-09
-0.05441,0.37329,2.0269e-18,-0.32899,0.32619,1.0943e-18,1.459e-09
-0.002022,0.3857,1.8229e-18,-0.27633,0.24385,9.0588e-19,2.044e-09
-0.015658,0.33804,1.8431e-18,-0.23574,0.34419,1.5521e-18,1.524e-09
-0.038172,0.3097,2.1002e-18,-0.089737,0.21984,1.4017e-18,8.664e-10
-0.30166,0.41736,2.0014e-18,-0.19353,0.25967,7.1583e-19,1.37e-09
-0.30422,0.327,2.0742e-18,-0.1293,0.25158,1.1422e-18,9.237e-10
-0.27836,0.287,2.1685e-18,-0.077657,0.24236,1.5861e-18,8.796e-10
-0.26323,0.36506,1.9818e-18,-0.071966,0.35903,9.7865e-19,1.705e-09
0.019495,0.35895,1.7751e-18,-0.19091,0.31578,1.1401e-18,2.131e-09
-0.023503,0.34409,1.7427e-18,-0.29532,0.35796,1.1353e-18,1.494e-09
0.028485,0.28197,1.7399e-18,-0.14134,0.32368,1.0901e-18,1.17e-09
-0.1536,0.35214,1.862e-18,-0.054249,0.23673,1.0015e-18,9.822e-10
-0.36863,0.29069,1.7354e-18,-0.15512,0.30071,1.1671e-18,9.589e-10
-0.17963,0.28819,1.7209e-18,-0.32249,0.20985,9.1979e-19,6.734e-10
-0.32095,0.35247,2.1539e-18,-0.21536,0.22513,1.5893e-18,9.851e-10
-0.059684,0.40759,1.9308e-18,-0.22266,0.43589,7.48e-19,2.543e-09
0.0089348,0.31933,1.7753e-18,-0.11338,0.28055,6.4373e-19,1.09e-09
-0.10793,0.31885,1.8877e-18,-0.24169,0.31896,5.7431e-19,1.002e-09
-0.25264,0.3127,1.7972e-18,-0.14012,0.22853,1.1456e-18,7.91e-10
-0.34251,0.28417,2.1115e-18,-0.24687,0.37131,6.0623e-19,1.187e-09
-0.21593,0.33531,1.7437e-18,-0.3231,0.34303,1.0177e-18,1.222e-09
-0.34655,0.36255,2.1097e-18,-0.16351,0.38368,1.1267e-18,1.727e-09
-0.03577,0.35661,1.9965e-18,-0.12452,0.30645,8.9899e-19,1.306e-09
-0.38494,0.35773,1.9311e-18,-0.076729,0.23809,1.1335e-18,1.001e-09
-0.34727,0.28388,1.995e-18,-0.21282,0.40879,5.5611e-19,1.403e-09
-0.3374,0.29117,1.7784e-18,-0.20587,0.23052,1.1093e-18,7.428e-10
-0.20017,0.42656,1.865e-18,-0.32047,0.22944,1.027e-18,1.382e-09
-0.2313,0.35947,2.0376e-18,-0.08343,0.41209,1.4245e-18,2.566e-09
-0.27928,0.31309,1.8831e-18,-0.27823,0.30251,1.0863e-18,1.012e-09
-0.18233,0.29661,2.1679e-18,-0.32484,0.3571,5.9004e-19,1.142e-09
-0.28263,0.36138,1.7035e-18,-0.1664,0.37428,9.8723e-19,1.508e-09
-0.11784,0.32369,2.0557e-18,-0.16851,0.24283,1.5223e-18,9.24e-10
-0.26595,0.3564,1.9511e-18,-0.066664,0.37717,8.2476e-19,1.847e-09
-0.18387,0.32047,2.1123e-18,-0.32561,0.23179,8.1245e-19,8.219e-10
-0.34295,0.32849,1.8082e-18,-0.13755,0.21279,1.6099e-18,8.337e-10
-0.38644,0.32608,1.7116e-18,-0.16591,0.37457,6.6732e-19,1.29e-09
-0.041949,0.29382,2.1661e-18,-0.082613,0.39713,9.9583e-19,1.864e-09
-0.037412,0.41397,2.0368e-18,-0.038804,0.34275,1.0963e-18,3.035e-09
-0.11271,0.39861,1.932e-18,-0.035447,0.30966,1.087e-18,1.761e-09
-0.24119,0.42163,1.8758e-18,-0.33699,0.23424,1.5637e-18,1.375e-09
0.022385,0.33901,2.1196e-18,-0.33729,0.34612,5.8297e-19,1.812e-09
0.023536,0.32924,1.8118e-18,-0.024664,0.34955,1.3335e-18,2.561e-09
-0.20887,0.37993,2.0875e-18,-0.057451,0.29718,9.6513e-19,1.41e-09
-0.054138,0.38862,1.9468e-18,-0.24935,0.29813,8.7878e-19,1.436e-09
-0.089715,0.38476,2.1435e-18,-0.26593,0.42072,1.1442e-18,2.268e-09
-0.031909,0.31127,2.0023e-18,-0.30855,0.29166,1.1055e-18,1.025e-09
-0.31666,0.34682,1.9518e-18,-0.13609,0.36264,5.6572e-19,1.324e-09
-0.14895,0.36357,1.8709e-18,-0.10918,0.32489,1.2517e-18,1.355e-09
0.0096486,0.28283,1.7466e-18,-0.092364,0.34495,9.4761e-19,1.259e-09
-0.1137,0.36344,2.0007e-18,-0.29676,0.37765,1.279e-18,1.692e-09
-0.26744,0.36594,1.8512e-18,-0.27137,0.34434,1.1629e-18,1.392e-09
-0.30656,0.33764,2.0427e-18,-0.18404,0.34266,9.9229e-19,1.277e-09
-0.088302,0.35524,1.8948e-18,-0.3378,0.38075,1.2314e-18,1.656e-09
-0.36629,0.28547,1.793e-18,-0.072562,0.40657,1.2937e-18,2.145e-09
0.029346,0.27515,2.0165e-18,-0.12313,0.429,9.0824e-19,2.08e-09
-0.25856,0.28315,1.8183e-18,-0.13717,0.2441,1.0782e-18,7.657e-10
-0.12321,0.33713,1.7551e-18,-0.19785,0.2792,1.5353e-18,1.041e-09
-0.23211,0.37003,1.7346e-18,-0.059589,0.27691,8.8581e-19,1.154e-09
-0.095045,0.28864,1.7093e-18,-0.10735,0.39134,5.4224e-19,1.36e-09
-0.20848,0.29232,1.8265e-18,-0.30191,0.3303,1.4431e-18,1.156e-09
-0.12763,0.34537,1.9087e-18,-0.27466,0.38769,7.7799e-19,1.498e-09
-0.28928,0.28645,1.8494e-18,-0.061315,0.25812,6.4883e-19,8.088e-10
-0.33432,0.29341,1.979e-18,-0.28877,0.37419,1.116e-18,1.37e-09
-0.13343,0.38957,1.9976e-18,-0.12717,0.37503,9.6601e-19,1.787e-09
-0.11133,0.40776,1.7433e-18,-0.028705,0.2176,1.0754e-18,1.319e-09
-0.00080615,0.29513,2.0192e-18,-0.21123,0.38522,7.3951e-19,1.418e-09
-0.27417,0.40551,1.8819e-18,-0.1024,0.43428,7.5534e-19,2.671e-09
-0.0093763,0.34075,1.9794e-18,-0.041853,0.35741,1.0448e-18,2.114e-09
-0.31793,0.32241,1.7269e-18,-0.30203,0.33351,1.3067e-18,1.199e-09
-0.088422,0.30758,2.055e-18,-0.25602,0.35871,9.5588e-19,1.272e-09
-0.35632,0.32536,1.7477e-18,-0.027668,0.33817,1.0603e-18,1.627e-09
-0.033574,0.39797,2.0143e-18,-0.04844,0.24327,1.3025e-18,1.852e-09
-0.10628,0.32881,2.069e-18,-0.23507,0.21264,9.7972e-19,8.217e-10
-0.27792,0.35426,1.7342e-18,-0.20531,0.26493,7.0944e-19,9.403e-10
-0.05907,0.33953,1.8486e-18,-0.31273,0.43395,1.5933e-18,2.412e-09
-0.096601,0.40135,1.7477e-18,-0.11108,0.37914,1.2402e-18,2.018e-09
-0.2037,0.33397,2.0123e-18,-0.050809,0.41956,1.5571e-18,3.435e-09
-0.29098,0.33517,1.7724e-18,-0.10984,0.31566,7.713e-19,1.089e-09
-0.030001,0.39957,1.9945e-18,-0.26183,0.39005,6.6005e-19,2.325e-09
-0.23554,0.38597,1.7691e-18,-0.24581,0.36668,1.2476e-18,1.64e-09
-0.17758,0.29048,2.05e-18,-0.23096,0.25733,8.3825e-19,8.051e-10
-0.043203,0.30516,2.0881e-18,-0.18232,0.39811,1.6032e-18,1.861e-09
-0.003268,0.28295,1.9574e-18,-0.15229,0.38845,1.2984e-18,1.615e-09
-0.24004,0.30218,1.8254e-18,-0.14216,0.22896,1.0037e-18,7.592e-10
-0.29638,0.31164,2.0692e-18,-0.32412,0.36962,6.7473e-19,1.26e-09
-0.37013,0.34168,2.0656e-18,-0.064058,0.22554,1.2076e-18,9.447e-10
-0.309,0.3826,2.0567e-18,-0.25221,0.22356,1.3293e-18,1.088e-09
0.025373,0.29012,1.9186e-18,-0.33606,0.28301,7.4495e-19,9.982e-10
0.031284,0.28961,1.9536e-18,-0.10412,0.34236,1.3336e-18,1.478e-09
-0.23167,0.27582,1.7497e-18,-0.25177,0.42682,1.4078e-18,1.963e-09
-0.079646,0.36777,1.8934e-18,-0.14539,0.428,1.4951e-18,2.51e-09
-0.35029,0.3077,1.7158e-18,-0.28605,0.39174,6.8732e-19,1.342e-09
-0.11053,0.30549,1.8996e-18,-0.2773,0.29607,6.3696e-19,9.03e-10
-0.046644,0.37348,1.8693e-18,-0.22001,0.27155,8.4563e-19,1.22e-09
-0.22806,0.36812,1.9181e-18,-0.28026,0.39564,1.352e-18,1.878e-09
-0.042275,0.32165,2.0526e-18,-0.1996,0.35441,5.5902e-19,1.219e-09
-0.065924,0.2785,2.0748e-18,-0.098339,0.3558,8.3257e-19,1.243e-09
-0.25491,0.33673,1.7671e-18,-0.048977,0.3936,8.8705e-19,2.217e-09
0.024015,0.38214,1.9697e-18,-0.18086,0.24977,5.5767e-19,3.397e-09
-0.17519,0.32058,1.7081e-18,-0.13772,0.33615,1.4477e-18,1.26e-09
-0.15252,0.37683,2.1644e-18,-0.19529,0.39469,1.5664e-18,2.074e-09
-0.35123,0.38013,2.1012e-18,-0.2927,0.36055,1.5308e-18,1.72e-09
-0.23434,0.28732,2.1082e-18,-0.19447,0.27838,1.5599e-18,9.634e-10
0.0070848,0.28238,1.7884e-18,-0.10701,0.27027,1.2271e-18,9.286e-10
-0.23859,0.37368,1.7922e-18,-0.33902,0.42168,1.5069e-18,2.261e-09
-0.16563,0.37917,1.7803e-18,-0.1004,0.33662,7.2039e-19,1.385e-09
0.026173,0.37977,1.9989e-18,-0.084592,0.2973,1.5697e-18,4.045e-09
-0.22931,0.3706,1.7983e-18,-0.14692,0.35681,7.8235e-19,1.407e-09
-0.018128,0.35613,1.9156e-18,-0.31488,0.23165,7.8406e-19,1.138e-09
-0.11966,0.30674,1.8391e-18,-0.30078,0.31393,7.7963e-19,9.826e-10
0.012203,0.38761,2.0939e-18,-0.18674,0.31839,1.2179e-18,3.361e-09
-0.27653,0.38169,2.0519e-18,-0.20398,0.29456,1.5805e-18,1.335e-09
-0.15339,0.39831,2.0345e-18,-0.26602,0.30324,7.7274e-19,1.356e-09
-0.2471,0.28011,2.1402e-18,-0.33212,0.28456,1.0931e-18,9.059e-10
-0.21932,0.41541,1.7614e-18,-0.25286,0.40431,1.2566e-18,2.17e-09
-0.09083,0.28051,1.9232e-18,-0.10625,0.36376,1.5152e-18,1.465e-09
-0.31837,0.27329,2.1474e-18,-0.10655,0.40635,9.2823e-19,1.711e-09
-0.019255,0.38972,2.1461e-18,-0.062878,0.39413,6.5805e-19,3.145e-09
-0.29461,0.3593,2.0585e-18,-0.27868,0.22258,6.757e-19,9.212e-10
-0.33305,0.3011,1.847e-18,-0.19422,0.41371,1.0174e-18,1.69e-09
-0.34456,0.42673,2.1738e-18,-0.32159,0.23812,9.4011e-19,1.493e-09
-0.15942,0.3184,2.0196e-18,-0.20276,0.39231,7.7027e-19,1.464e-09
-0.04025,0.42568,2.1059e-18,-0.28653,0.36139,1.2771e-18,2.917e-09
-0.1929,0.422,1.7454e-18,-0.11488,0.28126,1.5483e-18,1.505e-09
-0.020543,0.37048,2.0846e-18,-0.21953,0.3517,1.2605e-18,1.855e-09
-0.17793,0.38061,1.9134e-18,-0.24,0.3723,5.7223e-19,1.484e-09
-0.25051,0.35369,1.731e-18,-0.038562,0.268,1.5816e-18,1.185e-09
-0.1565,0.28459,1.9289e-18,-0.29965,0.37169,9.0238e-19,1.259e-09
-0.22352,0.29619,1.9886e-18,-0.19751,0.29825,1.2858e-18,1.004e-09
-0.14645,0.31297,1.7448e-18,-0.26771,0.28006,1.5425e-18,9.787e-10
-0.16118,0.30829,1.8445e-18,-0.17112,0.35274,7.975e-19,1.172e-09
0.032635,0.31804,1.9803e-18,-0.21343,0.3711,1.3689e-18,1.944e-09
-0.04845,0.42453,2.0434e-18,-0.038264,0.32969,1.434e-18,3.012e-09
-0.31546,0.39757,1.884e-18,-0.22569,0.38132,1.0521e-18,1.79e-09
-0.34862,0.37834,1.8596e-18,-0.15651,0.42285,1.3695e-18,2.323e-09
-0.13834,0.34397,1.762e-18,-0.11651,0.31671,6.1292e-19,1.088e-09
-0.15163,0.34464,1.9268e-18,-0.20901,0.25506,1.5311e-18,1.003e-09
-0.069881,0.40163,2.1264e-18,-0.096492,0.38462,1.36e-18,2.44e-09
-0.10922,0.42366,1.8256e-18,-0.21814,0.26954,1.1029e-18,1.512e-09
-0.30946,0.32585,1.8001e-18,-0.32357,0.21595,1.4855e-18,8.193e-10
-0.36656,0.35298,1.8273e-18,-0.16949,0.34779,9.0348e-19,1.304e-09
-0.17687,0.38731,2.0183e-18,-0.20324,0.25268,1.4198e-18,1.192e-09
-0.1668,0.279,1.7425e-18,-0.20705,0.38797,1.5376e-18,1.578e-09
-0.17872,0.33814,2.1037e-18,-0.030234,0.43541,1.1205e-18,5.072e-09
-0.26115,0.32092,1.8579e-18,-0.055766,0.33497,9.363e-19,1.351e-09
-0.37917,0.34841,1.8602e-18,-0.16405,0.32441,7.6748e-19,1.151e-09
-0.13431,0.32683,1.821e-18,-0.073408,0.30446,9.4527e-19,1.11e-09
-0.28409,0.39153,2.1127e-18,-0.24191,0.40606,1.3198e-18,2.158e-09
-0.23361,0.32874,1.7652e-18,-0.16142,0.32847,1.5134e-18,1.248e-09
-0.2286,0.40152,1.8293e-18,-0.18497,0.24687,8.549e-19,1.175e-09
-0.28133,0.41204,2.0099e-18,-0.095374,0.24909,1.3227e-18,1.382e-09
-0.23296,0.33871,1.9377e-18,-0.14176,0.38086,8.3346e-19,1.491e-09
-0.19643,0.34631,1.9953e-18,-0.16322,0.42554,1.5099e-18,2.309e-09
-0.28998,0.36658,1.9847e-18,-0.28411,0.30598,6.2686e-19,1.142e-09
-0.14319,0.39543,1.9895e-18,-0.22641,0.25315,9.3958e-19,1.203e-09
-0.077288,0.40218,1.706e-18,-0.31069,0.28903,6.2747e-19,1.342e-09
-0.18071,0.41702,1.9261e-18,-0.039352,0.41133,6.4077e-19,3.492e-09
-0.19629,0.42072,1.7237e-18,-0.22709,0.21462,5.7639e-19,1.232e-09
-0.19796,0.32538,1.9616e-18,-0.27669,0.32393,9.6006e-19,1.121e-09
0.015679,0.35632,1.8081e-18,-0.31152,0.4045,9.5112e-19,2.458e-09
-0.15742,0.2859,2.0703e-18,-0.14577,0.21617,6.1388e-19,6.928e-10
-0.2488,0.33971,1.922e-18,-0.27195,0.39595,6.8807e-19,1.503e-09
-0.38671,0.41224,1.997e-18,-0.16098,0.35554,7.8845e-19,1.699e-09
-0.097404,0.34527,1.771e-18,-0.029483,0.21123,1.2741e-18,9.376e-10
-0.017798,0.40308,2.0242e-18,-0.10355,0.26881,7.0008e-19,2.364e-09
-0.10063,0.41784,1.7256e-18,-0.047124,0.26638,1.0582e-18,1.571e-09
-0.26388,0.36114,2.1618e-18,-0.3173,0.21105,1.375e-18,9.74e-10
-0.30239,0.28754,2.0783e-18,-0.063569,0.32275,1.4811e-18,1.28e-09
-0.31599,0.39064,1.8421e-18,-0.30336,0.35769,1.2285e-18,1.611e-09
-0.046901,0.39639,2.084e-18,-0.20782,0.39893,9.2203e-19,2.238e-09
-0.28105,0.34974,2.0865e-18,-0.16454,0.43227,1.2822e-18,2.319e-09
-0.32409,0.3118,1.7769e-18,-0.22831,0.43022,6.5053e-19,1.676e-09
-0.093944,0.31864,1.7492e-18,-0.085333,0.28598,6.6622e-19,9.394e-10
-0.30486,0.31006,1.7598e-18,-0.038954,0.28833,1.3399e-18,1.127e-09
-0.3711,0.33835,1.7648e-18,-0.11328,0.37395,6.8272e-19,1.407e-09
-0.3636,0.39331,1.7567e-18,-0.24357,0.34128,6.3038e-19,1.369e-09
0.00018674,0.36446,2.1597e-18,-0.19382,0.34905,1.0309e-18,2.031e-09
-0.33996,0.35175,1.8768e-18,-0.26842,0.29783,1.016e-18,1.095e-09
-0.077565,0.32386,2.022e-18,-0.23382,0.3022,1.1284e-18,1.078e-09
-0.2801,0.31148,2.0765e-18,-0.2749,0.42422,1.4129e-18,2.07e-09
-0.18804,0.29353,1.7675e-18,-0.061326,0.25467,1.2863e-18,8.741e-10
-0.010133,0.42046,1.7707e-18,-0.23748,0.23396,1.4033e-18,3.349e-09
-0.37639,0.29859,2.1028e-18,-0.24212,0.31615,1.2997e-18,1.102e-09
-0.074503,0.30401,2.03e-18,-0.086386,0.38114,1.5161e-18,1.821e-09
-0.29317,0.37491,1.8126e-18,-0.32376,0.42232,7.7623e-19,1.899e-09
-0.30993,0.39257,1.9218e-18,-0.21047,0.26474,6.8909e-19,1.161e-09
-0.0059538,0.31116,1.9907e-18,-0.16285,0.34171,1.3234e-18,1.37e-09
-0.014528,0.40264,1.9457e-18,-0.23445,0.34727,5.8014e-19,2.611e-09
-0.0066029,0.42722,1.8368e-18,-0.11402,0.33104,8.2216e-19,5.023e-09
-0.032726,0.33486,1.8913e-18,-0.28431,0.22642,1.4996e-18,9.531e-10
-0.20007,0.41713,1.8022e-18,-0.21232,0.257,1.0111e-18,1.327e-09
-0.12343,0.27676,2.1311e-18,-0.32065,0.24354,1.1024e-18,7.817e-10
-0.10405,0.41844,1.9716e-18,-0.19542,0.34923,6.1947e-19,1.739e-09
-0.25756,0.38406,2.0424e-18,-0.050991,0.43099,1.4668e-18,4.279e-09
-0.11495,0.42781,1.8247e-18,-0.23728,0.39885,1.251e-18,2.306e-09
-0.1746,0.3388,1.7413e-18,-0.040406,0.34144,1.3004e-18,1.66e-09
-0.024994,0.34357,2.0648e-18,-0.19099,0.24593,1.326e-18,1.095e-09
-0.20391,0.34955,2.0171e-18,-0.28805,0.23921,7.9955e-19,9.176e-10
-0.16572,0.32569,2.1298e-18,-0.16948,0.3027,7.4282e-19,1.029e-09
-0.1317,0.36041,1.9711e-18,-0.14027,0.24112,1.4257e-18,1.027e-09
-0.016007,0.32338,1.9475e-18,-0.1788,0.35316,1.2074e-18,1.434e-09
-0.32487,0.40023,1.776e-18,-0.1854,0.4014,7.3696e-19,1.842e-09
-0.17705,0.35348,2.0451e-18,-0.1964,0.22569,1.5606e-18,9.726e-10
-0.31742,0.41328,1.7218e-18,-0.062499,0.31496,1.1379e-18,1.658e-09
0.017346,0.32712,1.7899e-18,-0.17299,0.34571,1.3824e-18,1.639e-09
-0.23626,0.28338,2.0187e-18,-0.18314,0.2963,7.5202e-19,8.889e-10
-0.30822,0.29328,1.8074e-18,-0.029301,0.30705,8.4418e-19,1.174e-09
-0.21887,0.40818,2.1718e-18,-0.28824,0.42588,6.957e-19,2.212e-09
-0.040821,0.3475,1.8013e-18,-0.27337,0.3147,1.3184e-18,1.268e-09
-0.10199,0.41213,1.9013e-18,-0.11696,0.32316,1.1116e-18,1.675e-09
-0.1209,0.3,1.8879e-18,-0.17698,0.43315,6.3086e-19,1.712e-09
-0.3861,0.35043,1.8762e-18,-0.14718,0.22166,9.5333e-19,8.791e-10
-0.050648,0.2817,1.7246e-18,-0.13346,0.28384,1.6129e-18,9.588e-10
-0.36977,0.30894,2.1381e-18,-0.20191,0.2396,1.5322e-18,8.832e-10
-0.25165,0.33777,2.143e-18,-0.18768,0.30721,9.7396e-19,1.122e-09
-0.18106,0.30019,1.8133e-18,-0.025024,0.38055,9.9173e-19,2.324e-09
-0.27314,0.38225,2.0106e-18,-0.17153,0.30063,7.0541e-19,1.228e-09
-0.24974,0.29141,2.0459e-18,-0.32959,0.3143,8.9799e-19,9.951e-10
-0.10319,0.31338,1.7643e-18,-0.31793,0.41108,8.7315e-19,1.605e-09
-0.29533,0.3406,1.8499e-18,-0.14676,0.28535,8.6792e-19,9.979e-10
-0.21855,0.32453,1.8792e-18,-0.066733,0.42207,1.0793e-18,2.645e-09
-0.11213,0.34791,2.1345e-18,-0.3076,0.34188,1.3838e-18,1.42e-09
-0.01305,0.37008,1.9113e-18,-0.29493,0.24778,6.5301e-19,1.412e-09
-0.0064728,0.42277,1.8592e-18,-0.044737,0.22064,1.0613e-18,4.239e-09
-0.011029,0.35009,1.9127e-18,-0.18063,0.30145,1.1198e-18,1.366e-09
0.0014669,0.31635,2.1524e-18,-0.21003,0.24583,6.7165e-19,9.787e-10
0.014443,0.33104,2.0954e-18,-0.17557,0.24024,1.5443e-18,1.282e-09
-0.26898,0.3327,2.0898e-18,-0.064577,0.23032,5.7515e-19,8.779e-10
-0.19744,0.4193,1.7535e-18,-0.20313,0.31244,9.3572e-19,1.492e-09
-0.17176,0.33457,1.9824e-18,-0.27433,0.30379,1.1129e-18,1.094e-09
-0.2137,0.32862,2.049e-18,-0.046277,0.29681,1.3142e-18,1.255e-09
-0.13267,0.35788,1.8201e-18,-0.26446,0.27527,6.9337e-19,9.979e-10
-0.084749,0.38491,2.0545e-18,-0.24902,0.39341,1.2098e-18,1.98e-09
-0.15203,0.28076,1.7949e-18,-0.20674,0.29887,1.0822e-18,9.214e-10
-0.21616,0.37664,1.9797e-18,-0.11132,0.39394,1.5136e-18,2.149e-09
-0.031021,0.29923,1.9337e-18,-0.25681,0.33557,1.0808e-18,1.164e-09
-0.21542,0.31971,1.8033e-18,-0.18154,0.39791,1.4694e-18,1.769e-09
-0.071631,0.39103,1.8985e-18,-0.17547,0.3693,5.7762e-19,1.643e-09
-0.069328,0.28106,2.0321e-18,-0.14069,0.35649,5.8672e-19,1.118e-09
-0.31137,0.40523,1.9781e-18,-0.30601,0.38712,7.3098e-19,1.799e-09
-0.28328,0.33594,1.9482e-18,-0.24119,0.43001,1.3957e-18,2.205e-09
-0.23682,0.41046,1.8781e-18,-0.27198,0.39772,1.27e-18,2.103e-09
-0.022567,0.29533,1.8503e-18,-0.16096,0.35211,1.1991e-18,1.286e-09
-0.27178,0.31068,2.106e-18,-0.042787,0.31165,1.2619e-18,1.315e-09
-0.33141,0.38587,2.1742e-18,-0.095924,0.27769,8.4979e-19,1.275e-09
-0.34498,0.37142,2.0144e-18,-0.045982,0.41664,1.0074e-18,3.316e-09
-0.078219,0.41438,2.0417e-18,-0.17617,0.42766,1.4327e-18,2.877e-09
-0.18171,0.31553,2.0494e-18,-0.17238,0.27097,9.3246e-19,9.134e-10
-0.087075,0.31819,2.0476e-18,-0.20212,0.2183,9.1944e-19,7.98e-10
-0.1263,0.36004,2.134e-18,-0.21861,0.2723,7.1523e-19,1.06e-09
-0.25609,0.31926,2.0736e-18,-0.1735,0.39492,1.3138e-18,1.724e-09
-0.058571,0.34552,1.709e-18,-0.15871,0.29338,1.486e-18,1.149e-09
0.020782,0.41524,1.8626e-18,-0.25692,0.34341,8.9604e-19,7.528e-09
-0.092643,0.29029,2.0035e-18,-0.15311,0.3062,1.4632e-18,1.068e-09
-0.38569,0.41356,1.8294e-18,-0.089676,0.30931,1.0411e-18,1.556e-09
-0.15635,0.33601,1.7302e-18,-0.1492,0.31644,1.3553e-18,1.172e-09
-0.14164,0.41275,2.0699e-18,-0.19474,0.20935,8.0665e-19,1.284e-09
-0.30596,0.29815,1.741e-18,-0.13797,0.30309,6.1998e-19,8.962e-10
-0.076849,0.29552,1.9026e-18,-0.18345,0.41388,6.9768e-19,1.546e-09
-0.19022,0.40092,2.0396e-18,-0.20624,0.3129,1.5672e-18,1.537e-09
-0.22971,0.34501,2.1134e-18,-0.33882,0.31012,1.4882e-18,1.242e-09
-0.28512,0.35373,1.7559e-18,-0.26221,0.22194,1.1682e-18,8.851e-10
-0.056018,0.38879,1.8964e-18,-0.030544,0.30909,8.3919e-19,1.817e-09
-0.31188,0.35262,1.7322e-18,-0.091652,0.36527,1.1499e-18,1.596e-09
-0.061659,0.40397,1.968e-18,-0.31871,0.36222,1.0677e-18,1.928e-09
0.027779,0.27798,2.0856e-18,-0.071132,0.3642,7.4222e-19,1.547e-09
-0.19317,0.28775,2.1622e-18,-0.15154,0.30514,5.3788e-19,9.124e-10
-0.24393,0.35028,2.0825e-18,-0.30996,0.37007,6.325e-19,1.38e-09
-0.12984,0.32952,2.1363e-18,-0.12283,0.27066,1.5242e-18,1.052e-09
-0.093237,0.29692,2.1609e-18,-0.082257,0.3402,6.185e-19,1.188e-09
-0.036838,0.39465,1.9429e-18,-0.042303,0.25549,1.0211e-18,1.744e-09
-0.33156,0.28873,1.8689e-18,-0.26552,0.26536,1.0706e-18,8.316e-10
-0.08042,0.34639,2.0071e-18,-0.3077,0.40407,1.5367e-18,1.999e-09
-0.31365,0.28484,1.8805e-18,-0.064278,0.26458,9.7751e-19,8.642e-10
-0.1494,0.36381,2.003e-18,-0.10567,0.38249,1.5206e-18,1.967e-09
-0.18312,0.32785,2.0714e-18,-0.26131,0.21647,7.644e-19,8.043e-10
-0.24821,0.41287,1.8822e-18,-0.068916,0.28091,1.5186e-18,1.537e-09
-0.37579,0.36767,1.7865e-18,-0.23165,0.34087,6.2216e-19,1.244e-09
-0.31407,0.27505,2.0487e-18,-0.22194,0.21143,7.9268e-19,6.74e-10
0.017486,0.35976,2.0252e-18,-0.27992,0.27041,1.1008e-18,2.016e-09
-0.078876,0.32366,1.8538e-18,-0.086178,0.43505,6.6632e-19,2.336e-09
0.0069165,0.39192,2.1274e-18,-0.029012,0.26103,6.5333e-19,3.408e-09
-0.012341,0.36419,2.1111e-18,-0.055135,0.41487,1.4401e-18,3.819e-09
-0.04386,0.3685,1.7742e-18,-0.19315,0.27561,8.928e-19,1.185e-09
-0.2816,0.27313,2.0807e-18,-0.09741,0.29703,7.1047e-19,9.031e-10
-0.091504,0.37766,2.1016e-18,-0.31107,0.23124,1.1236e-18,1.11e-09
-0.36015,0.29414,2.145e-18,-0.033534,0.22093,1.3908e-18,8.599e-10
-0.056864,0.29146,1.8753e-18,-0.03513,0.3175,1.6117e-18,1.4e-09
-0.28493,0.30239,2.0607e-18,-0.20238,0.31543,1.1171e-18,1.07e-09
-0.022341,0.38152,2.1551e-18,-0.32527,0.36108,8.0886e-19,1.982e-09
-0.3658,0.34246,2.093e-18,-0.30546,0.29547,1.2429e-18,1.124e-09
-0.26798,0.35147,1.7225e-18,-0.31929,0.2717,1.4839e-18,1.04e-09
-0.028762,0.32226,2.0979e-18,-0.33496,0.21319,5.4013e-19,8.306e-10
-0.18359,0.4085,1.8359e-18,-0.18814,0.21986,5.3923e-19,1.166e-09
-0.31975,0.36966,2.0074e-18,-0.28754,0.32767,1.0768e-18,1.331e-09
-0.12423,0.36904,1.7276e-18,-0.13934,0.3914,1.5558e-18,1.95e-09
-0.34535,0.41841,2.08e-18,-0.13573,0.26742,9.046e-19,1.452e-09
0.0026188,0.33029,2.1222e-18,-0.20471,0.22786,1.5196e-18,1.125e-09
-0.0035844,0.41599,2.0084e-18,-0.1618,0.23349,7.3627e-19,3.688e-09
-0.22053,0.29896,2.1041e-18,-0.12229,0.21569,1.533e-18,8.007e-10
-0.35401,0.38276,2.0246e-18,-0.13145,0.22345,8.5489e-19,1.058e-09
-0.36776,0.42254,1.8569e-18,-0.026489,0.37778,1.4641e-18,3.348e-09
0.0060804,0.31703,2.1617e-18,-0.10127,0.23462,9.3119e-19,1.03e-09
-0.19126,0.3081,2.0644e-18,-0.037397,0.37266,1.4212e-18,2.183e-09
-0.0079615,0.39436,2.1631e-18,-0.17439,0.36078,1.4418e-18,2.923e-09
-0.13234,0.38632,2.1511e-18,-0.22848,0.3828,1.0507e-18,1.816e-09
-0.38201,0.29376,1.7694e-18,-0.30149,0.34699,1.3713e-18,1.233e-09
-0.37809,0.33199,2.0966e-18,-0.2708,0.21438,9.9613e-19,8.335e-10
-0.15855,0.40046,1.7641e-18,-0.13582,0.41643,8.6774e-19,2.151e-09
-0.2341,0.38394,1.7853e-18,-0.056795,0.35386,8.2711e-19,1.772e-09
-0.066221,0.37603,1.8611e-18,-0.099231,0.40335,1.1893e-18,2.276e-09
-0.25468,0.28979,2.1213e-18,-0.27599,0.34381,9.8824e-19,1.155e-09
-0.057871,0.42616,2.083e-18,-0.0962,0.28684,1.3943e-18,2.229e-09
-0.08234,0.42705,2.15e-18,-0.23916,0.38785,6.924e-19,2.274e-09
-0.24571,0.42077,1.8149e-18,-0.081897,0.26709,8.734e-19,1.438e-09
-0.061173,0.29778,1.9702e-18,-0.21186,0.43442,1.4715e-18,2.225e-09
-0.32848,0.27432,1.7878e-18,-0.075583,0.38575,9.1032e-19,1.579e-09
-0.14463,0.39078,1.8669e-18,-0.088722,0.29441,1.4332e-18,1.397e-09
-0.23109,0.31535,1.9821e-18,-0.24522,0.37605,1.3624e-18,1.523e-09
-0.081897,0.27935,1.9981e-18,-0.067091,0.2326,1.3718e-18,8.073e-10
-0.10107,0.29925,1.9857e-18,-0.080183,0.39252,1.1767e-18,1.856e-09
-0.33237,0.39356,2.1152e-18,-0.083799,0.40104,8.171e-19,2.311e-09
-0.11009,0.27901,2.0468e-18,-0.24085,0.27787,1.5542e-18,9.387e-10
-0.15701,0.35815,2.0754e-18,-0.078577,0.38349,1.3818e-18,2.086e-09
-0.37308,0.42212,1.8208e-18,-0.052988,0.40268,5.7059e-19,2.829e-09
-0.37259,0.38701,1.8009e-18,-0.03124,0.41037,1.1926e-18,3.835e-09
-0.19889,0.41086,1.7573e-18,-0.043501,0.20972,9.5755e-19,1.244e-09
