.DATA data
voff_pd1 vth0_pd1 ub_pd1 voff_wl1 vth0_wl1 ub_wl1
-1.770000e-01	3.507400e-01	1.938400e-18	-5.298832e-02	2.606723e-01	8.930946e-19
-1.770000e-01	3.507400e-01	1.938400e-18	-5.815544e-02	3.099497e-01	9.217749e-19
-1.770000e-01	3.507400e-01	1.938400e-18	-1.274212e-01	4.278803e-01	1.304845e-18
-1.770000e-01	3.507400e-01	1.938400e-18	-2.185850e-01	3.906417e-01	1.326942e-18
-1.770000e-01	3.507400e-01	1.938400e-18	-5.005378e-02	3.668861e-01	1.315959e-18
-1.770000e-01	3.507400e-01	1.938400e-18	-2.807373e-01	2.480800e-01	9.453654e-19
-1.770000e-01	3.507400e-01	1.938400e-18	-9.548983e-02	4.034238e-01	8.504843e-19
-1.770000e-01	3.507400e-01	1.938400e-18	-1.177495e-01	3.719670e-01	8.072333e-19
-1.770000e-01	3.507400e-01	1.938400e-18	-8.906295e-02	3.419501e-01	1.249937e-18
-1.770000e-01	3.507400e-01	1.938400e-18	-8.632451e-02	2.410244e-01	1.373473e-18
-1.770000e-01	3.507400e-01	1.938400e-18	-1.930374e-01	3.677509e-01	1.445650e-18
-1.770000e-01	3.507400e-01	1.938400e-18	-2.565127e-01	3.768450e-01	1.495376e-18
-1.770000e-01	3.507400e-01	1.938400e-18	-4.645469e-02	2.951087e-01	8.083983e-19
-1.770000e-01	3.507400e-01	1.938400e-18	-3.200864e-01	3.185988e-01	9.333391e-19
-1.770000e-01	3.507400e-01	1.938400e-18	-2.132727e-01	3.380812e-01	5.522586e-19
-1.770000e-01	3.507400e-01	1.938400e-18	-3.001078e-01	3.531547e-01	1.119966e-18
-1.770000e-01	3.507400e-01	1.938400e-18	-3.241515e-01	2.759221e-01	1.066007e-18
-1.770000e-01	3.507400e-01	1.938400e-18	-1.343390e-01	2.428630e-01	1.146049e-18
-1.770000e-01	3.507400e-01	1.938400e-18	-2.533334e-01	3.840951e-01	1.474105e-18
-1.770000e-01	3.507400e-01	1.938400e-18	-2.451468e-01	4.289337e-01	1.419045e-18
-1.770000e-01	3.507400e-01	1.938400e-18	-1.066884e-01	3.303539e-01	6.141653e-19
-1.770000e-01	3.507400e-01	1.938400e-18	-4.549376e-02	4.116374e-01	1.106334e-18
-1.770000e-01	3.507400e-01	1.938400e-18	-2.160105e-01	3.792813e-01	8.011790e-19
-1.770000e-01	3.507400e-01	1.938400e-18	-1.088685e-01	4.249446e-01	1.494637e-18
-1.770000e-01	3.507400e-01	1.938400e-18	-2.216372e-01	4.259663e-01	6.102887e-19
-1.770000e-01	3.507400e-01	1.938400e-18	-2.738703e-01	4.091901e-01	1.540715e-18
-1.770000e-01	3.507400e-01	1.938400e-18	-1.803824e-01	4.359351e-01	6.626557e-19
-1.770000e-01	3.507400e-01	1.938400e-18	-3.817466e-02	2.802203e-01	1.299085e-18
-1.770000e-01	3.507400e-01	1.938400e-18	-2.237121e-01	2.800618e-01	8.946917e-19
-1.770000e-01	3.507400e-01	1.938400e-18	-2.399376e-01	4.245441e-01	7.194451e-19
-1.770000e-01	3.507400e-01	1.938400e-18	-2.476809e-01	4.070111e-01	1.468947e-18
-1.770000e-01	3.507400e-01	1.938400e-18	-8.008065e-02	2.791796e-01	6.651876e-19
-1.770000e-01	3.507400e-01	1.938400e-18	-2.539047e-01	2.541420e-01	6.349930e-19
-1.770000e-01	3.507400e-01	1.938400e-18	-1.945974e-01	3.231055e-01	7.627769e-19
-1.770000e-01	3.507400e-01	1.938400e-18	-1.076986e-01	3.610924e-01	1.006183e-18
-1.770000e-01	3.507400e-01	1.938400e-18	-1.551685e-01	3.625009e-01	8.091001e-19
-1.770000e-01	3.507400e-01	1.938400e-18	-9.434194e-02	3.524391e-01	1.113936e-18
-1.770000e-01	3.507400e-01	1.938400e-18	-7.702966e-02	3.027006e-01	5.912474e-19
-1.770000e-01	3.507400e-01	1.938400e-18	-2.772943e-01	3.295738e-01	1.425269e-18
-1.770000e-01	3.507400e-01	1.938400e-18	-1.481014e-01	2.904184e-01	1.592980e-18
-1.770000e-01	3.507400e-01	1.938400e-18	-1.589551e-01	4.122852e-01	1.039432e-18
-1.770000e-01	3.507400e-01	1.938400e-18	-2.948353e-01	2.627811e-01	1.081828e-18
-1.770000e-01	3.507400e-01	1.938400e-18	-9.666742e-02	2.749164e-01	1.109129e-18
-1.770000e-01	3.507400e-01	1.938400e-18	-2.758337e-01	2.235187e-01	7.862438e-19
-1.770000e-01	3.507400e-01	1.938400e-18	-1.468474e-01	2.897436e-01	5.545345e-19
-1.770000e-01	3.507400e-01	1.938400e-18	-1.619145e-01	3.406281e-01	1.547313e-18
-1.770000e-01	3.507400e-01	1.938400e-18	-5.084785e-02	2.609063e-01	1.611097e-18
-1.770000e-01	3.507400e-01	1.938400e-18	-3.062810e-01	2.985366e-01	1.372912e-18
-1.770000e-01	3.507400e-01	1.938400e-18	-1.598564e-01	4.352532e-01	7.428374e-19
-1.770000e-01	3.507400e-01	1.938400e-18	-3.337146e-01	3.290225e-01	1.591463e-18
-1.770000e-01	3.507400e-01	1.938400e-18	-7.669042e-02	2.115491e-01	1.509249e-18
-1.770000e-01	3.507400e-01	1.938400e-18	-2.387761e-01	3.485889e-01	1.536388e-18
-1.770000e-01	3.507400e-01	1.938400e-18	-2.265922e-01	4.151415e-01	1.499380e-18
-1.770000e-01	3.507400e-01	1.938400e-18	-3.055916e-01	2.624250e-01	1.301907e-18
-1.770000e-01	3.507400e-01	1.938400e-18	-2.602912e-02	4.113577e-01	5.693523e-19
-1.770000e-01	3.507400e-01	1.938400e-18	-5.664604e-02	3.838369e-01	1.452392e-18
-1.770000e-01	3.507400e-01	1.938400e-18	-8.742674e-02	3.707730e-01	1.280382e-18
-1.770000e-01	3.507400e-01	1.938400e-18	-1.915597e-01	2.497768e-01	9.429054e-19
-1.770000e-01	3.507400e-01	1.938400e-18	-7.983879e-02	3.320988e-01	9.054659e-19
-1.770000e-01	3.507400e-01	1.938400e-18	-2.135272e-01	2.717541e-01	7.611214e-19
-1.770000e-01	3.507400e-01	1.938400e-18	-2.785324e-01	3.200233e-01	1.512466e-18
-1.770000e-01	3.507400e-01	1.938400e-18	-3.247547e-01	3.282962e-01	7.939804e-19
-1.770000e-01	3.507400e-01	1.938400e-18	-1.879760e-01	3.057146e-01	8.405752e-19
-1.770000e-01	3.507400e-01	1.938400e-18	-3.178841e-01	3.275601e-01	1.125259e-18
-1.770000e-01	3.507400e-01	1.938400e-18	-2.680114e-01	2.589600e-01	5.558024e-19
-1.770000e-01	3.507400e-01	1.938400e-18	-3.249797e-01	3.244422e-01	1.300904e-18
-1.770000e-01	3.507400e-01	1.938400e-18	-7.129341e-02	3.040437e-01	9.595365e-19
-1.770000e-01	3.507400e-01	1.938400e-18	-1.987570e-01	3.323681e-01	1.027238e-18
-1.770000e-01	3.507400e-01	1.938400e-18	-1.019367e-01	3.158817e-01	1.059702e-18
-1.770000e-01	3.507400e-01	1.938400e-18	-1.120005e-01	3.859787e-01	5.872592e-19
-1.770000e-01	3.507400e-01	1.938400e-18	-8.457745e-02	2.826323e-01	1.585627e-18
-1.770000e-01	3.507400e-01	1.938400e-18	-1.876820e-01	3.603687e-01	1.068066e-18
-1.770000e-01	3.507400e-01	1.938400e-18	-2.368583e-01	2.517578e-01	8.626362e-19
-1.770000e-01	3.507400e-01	1.938400e-18	-1.092648e-01	2.807783e-01	6.951153e-19
-1.770000e-01	3.507400e-01	1.938400e-18	-5.750666e-02	2.527937e-01	9.570899e-19
-1.770000e-01	3.507400e-01	1.938400e-18	-2.934720e-01	2.974059e-01	1.256615e-18
-1.770000e-01	3.507400e-01	1.938400e-18	-2.775357e-01	2.401410e-01	1.546288e-18
-1.770000e-01	3.507400e-01	1.938400e-18	-2.915098e-01	2.941677e-01	8.023594e-19
-1.770000e-01	3.507400e-01	1.938400e-18	-1.373263e-01	4.061728e-01	1.226093e-18
-1.770000e-01	3.507400e-01	1.938400e-18	-2.980627e-01	3.409075e-01	8.880089e-19
-1.770000e-01	3.507400e-01	1.938400e-18	-3.160608e-01	3.457755e-01	1.231311e-18
-1.770000e-01	3.507400e-01	1.938400e-18	-1.223693e-01	2.747619e-01	1.558609e-18
-1.770000e-01	3.507400e-01	1.938400e-18	-1.760524e-01	3.957675e-01	1.144167e-18
-1.770000e-01	3.507400e-01	1.938400e-18	-5.030577e-02	2.702838e-01	1.552442e-18
-1.770000e-01	3.507400e-01	1.938400e-18	-2.913664e-02	2.651634e-01	1.232786e-18
-1.770000e-01	3.507400e-01	1.938400e-18	-2.535412e-01	2.348028e-01	6.571410e-19
-1.770000e-01	3.507400e-01	1.938400e-18	-2.849820e-01	3.007121e-01	6.903133e-19
-1.770000e-01	3.507400e-01	1.938400e-18	-1.769454e-01	2.746125e-01	1.534081e-18
-1.770000e-01	3.507400e-01	1.938400e-18	-3.187268e-02	2.828768e-01	6.001552e-19
-1.770000e-01	3.507400e-01	1.938400e-18	-2.830978e-01	2.924941e-01	1.240610e-18
-1.770000e-01	3.507400e-01	1.938400e-18	-3.166713e-01	2.432194e-01	1.178675e-18
-1.770000e-01	3.507400e-01	1.938400e-18	-3.134711e-01	3.907611e-01	7.479391e-19
-1.770000e-01	3.507400e-01	1.938400e-18	-1.455189e-01	3.847295e-01	5.646327e-19
-1.770000e-01	3.507400e-01	1.938400e-18	-2.430144e-01	3.196509e-01	1.390721e-18
-1.770000e-01	3.507400e-01	1.938400e-18	-3.296926e-01	2.630681e-01	6.284598e-19
-1.770000e-01	3.507400e-01	1.938400e-18	-5.957246e-02	4.357589e-01	6.639329e-19
-1.770000e-01	3.507400e-01	1.938400e-18	-1.687866e-01	2.555123e-01	6.888851e-19
-1.770000e-01	3.507400e-01	1.938400e-18	-2.142157e-01	2.969851e-01	7.254468e-19
-1.770000e-01	3.507400e-01	1.938400e-18	-1.453764e-01	3.627211e-01	1.054847e-18
-1.770000e-01	3.507400e-01	1.938400e-18	-6.400922e-02	2.700190e-01	1.150476e-18
-1.770000e-01	3.507400e-01	1.938400e-18	-2.242837e-01	4.198427e-01	8.143394e-19
-1.770000e-01	3.507400e-01	1.938400e-18	-6.238736e-02	3.705375e-01	8.196606e-19
-1.770000e-01	3.507400e-01	1.938400e-18	-3.285304e-01	2.863624e-01	7.272350e-19
-1.770000e-01	3.507400e-01	1.938400e-18	-3.120978e-01	3.242106e-01	8.241480e-19
-1.770000e-01	3.507400e-01	1.938400e-18	-9.252298e-02	3.239562e-01	6.716465e-19
-1.770000e-01	3.507400e-01	1.938400e-18	-2.577640e-01	2.929424e-01	1.113518e-18
-1.770000e-01	3.507400e-01	1.938400e-18	-2.451811e-01	3.809561e-01	9.095144e-19
-1.770000e-01	3.507400e-01	1.938400e-18	-2.524074e-01	2.425622e-01	1.042389e-18
-1.770000e-01	3.507400e-01	1.938400e-18	-2.255282e-01	3.215855e-01	7.912850e-19
-1.770000e-01	3.507400e-01	1.938400e-18	-5.211546e-02	3.059161e-01	9.462970e-19
-1.770000e-01	3.507400e-01	1.938400e-18	-2.862804e-01	3.254759e-01	1.091139e-18
-1.770000e-01	3.507400e-01	1.938400e-18	-6.098523e-02	2.793152e-01	1.432324e-18
-1.770000e-01	3.507400e-01	1.938400e-18	-1.957010e-01	4.067250e-01	9.877681e-19
-1.770000e-01	3.507400e-01	1.938400e-18	-7.482502e-02	2.196177e-01	9.481719e-19
-1.770000e-01	3.507400e-01	1.938400e-18	-2.953324e-02	4.240570e-01	1.292936e-18
-1.770000e-01	3.507400e-01	1.938400e-18	-1.980871e-01	2.730348e-01	1.228936e-18
-1.770000e-01	3.507400e-01	1.938400e-18	-1.270712e-01	2.155307e-01	7.741556e-19
-1.770000e-01	3.507400e-01	1.938400e-18	-3.261067e-01	3.535096e-01	9.422105e-19
-1.770000e-01	3.507400e-01	1.938400e-18	-6.501343e-02	3.174871e-01	1.576274e-18
-1.770000e-01	3.507400e-01	1.938400e-18	-2.348337e-01	3.685297e-01	1.361067e-18
-1.770000e-01	3.507400e-01	1.938400e-18	-1.695265e-01	2.175787e-01	1.554920e-18
-1.770000e-01	3.507400e-01	1.938400e-18	-2.036809e-01	4.346191e-01	1.122406e-18
-1.770000e-01	3.507400e-01	1.938400e-18	-3.344684e-01	3.470022e-01	1.401132e-18
-1.770000e-01	3.507400e-01	1.938400e-18	-2.298129e-01	4.054938e-01	7.319269e-19
-1.770000e-01	3.507400e-01	1.938400e-18	-2.288209e-01	2.303514e-01	1.184205e-18
-1.770000e-01	3.507400e-01	1.938400e-18	-1.150798e-01	3.251823e-01	1.291961e-18
-1.770000e-01	3.507400e-01	1.938400e-18	-2.018540e-01	2.369851e-01	1.602145e-18
-1.770000e-01	3.507400e-01	1.938400e-18	-1.789384e-01	2.781796e-01	1.464551e-18
-1.770000e-01	3.507400e-01	1.938400e-18	-6.891514e-02	2.298977e-01	5.383259e-19
-1.770000e-01	3.507400e-01	1.938400e-18	-2.838001e-01	2.121051e-01	8.378871e-19
-1.770000e-01	3.507400e-01	1.938400e-18	-7.565391e-02	2.821013e-01	1.459107e-18
-1.770000e-01	3.507400e-01	1.938400e-18	-6.853502e-02	2.906821e-01	1.573551e-18
-1.770000e-01	3.507400e-01	1.938400e-18	-1.601631e-01	3.693632e-01	1.601676e-18
-1.770000e-01	3.507400e-01	1.938400e-18	-3.055582e-02	3.612443e-01	5.627616e-19
-1.770000e-01	3.507400e-01	1.938400e-18	-1.154262e-01	4.219018e-01	9.899862e-19
-1.770000e-01	3.507400e-01	1.938400e-18	-2.099210e-01	2.676954e-01	5.666599e-19
-1.770000e-01	3.507400e-01	1.938400e-18	-2.091318e-01	2.765750e-01	1.049116e-18
-1.770000e-01	3.507400e-01	1.938400e-18	-1.700720e-01	2.993912e-01	1.038227e-18
-1.770000e-01	3.507400e-01	1.938400e-18	-2.777404e-01	3.503442e-01	6.129324e-19
-1.770000e-01	3.507400e-01	1.938400e-18	-1.559018e-01	3.079324e-01	1.385229e-18
-1.770000e-01	3.507400e-01	1.938400e-18	-1.243129e-01	2.546422e-01	6.662317e-19
-1.770000e-01	3.507400e-01	1.938400e-18	-1.258585e-01	3.146672e-01	6.861401e-19
-1.770000e-01	3.507400e-01	1.938400e-18	-2.063431e-01	4.303681e-01	8.224666e-19
-1.770000e-01	3.507400e-01	1.938400e-18	-2.065926e-01	2.615260e-01	6.785554e-19
-1.770000e-01	3.507400e-01	1.938400e-18	-1.290722e-01	3.575002e-01	6.823914e-19
-1.770000e-01	3.507400e-01	1.938400e-18	-1.003546e-01	3.170155e-01	1.549379e-18
-1.770000e-01	3.507400e-01	1.938400e-18	-2.324000e-01	3.436216e-01	1.608195e-18
-1.770000e-01	3.507400e-01	1.938400e-18	-9.270657e-02	4.229569e-01	1.289462e-18
-1.770000e-01	3.507400e-01	1.938400e-18	-3.387797e-01	3.828472e-01	1.510464e-18
-1.770000e-01	3.507400e-01	1.938400e-18	-2.879947e-01	3.279412e-01	1.463142e-18
-1.770000e-01	3.507400e-01	1.938400e-18	-3.057371e-01	2.430614e-01	6.472609e-19
-1.770000e-01	3.507400e-01	1.938400e-18	-9.221945e-02	3.964884e-01	5.393563e-19
-1.770000e-01	3.507400e-01	1.938400e-18	-2.094687e-01	3.888052e-01	9.125505e-19
-1.770000e-01	3.507400e-01	1.938400e-18	-1.827209e-01	2.492972e-01	7.103940e-19
-1.770000e-01	3.507400e-01	1.938400e-18	-2.340248e-01	2.216246e-01	1.334094e-18
-1.770000e-01	3.507400e-01	1.938400e-18	-1.834276e-01	4.162689e-01	1.260619e-18
-1.770000e-01	3.507400e-01	1.938400e-18	-2.355627e-01	3.508466e-01	8.610912e-19
-1.770000e-01	3.507400e-01	1.938400e-18	-1.640483e-01	2.519066e-01	1.444343e-18
-1.770000e-01	3.507400e-01	1.938400e-18	-3.301460e-02	3.208045e-01	9.099561e-19
-1.770000e-01	3.507400e-01	1.938400e-18	-1.218347e-01	3.557164e-01	1.437500e-18
-1.770000e-01	3.507400e-01	1.938400e-18	-2.008437e-01	2.174206e-01	1.410511e-18
-1.770000e-01	3.507400e-01	1.938400e-18	-3.117188e-01	4.101508e-01	1.352646e-18
-1.770000e-01	3.507400e-01	1.938400e-18	-3.364815e-01	4.309547e-01	6.299772e-19
-1.770000e-01	3.507400e-01	1.938400e-18	-1.764431e-01	2.283757e-01	7.554305e-19
-1.770000e-01	3.507400e-01	1.938400e-18	-2.125560e-01	4.219904e-01	1.133864e-18
-1.770000e-01	3.507400e-01	1.938400e-18	-8.275310e-02	3.690596e-01	1.440518e-18
-1.770000e-01	3.507400e-01	1.938400e-18	-1.755204e-01	2.578261e-01	1.472865e-18
-1.770000e-01	3.507400e-01	1.938400e-18	-1.949192e-01	4.111852e-01	5.811585e-19
-1.770000e-01	3.507400e-01	1.938400e-18	-2.003752e-01	2.895995e-01	1.267266e-18
-1.770000e-01	3.507400e-01	1.938400e-18	-8.510786e-02	3.877021e-01	1.128121e-18
-1.770000e-01	3.507400e-01	1.938400e-18	-1.647739e-01	3.134396e-01	1.430260e-18
-1.770000e-01	3.507400e-01	1.938400e-18	-6.604015e-02	2.816538e-01	8.660877e-19
-1.770000e-01	3.507400e-01	1.938400e-18	-2.496645e-02	2.940049e-01	8.715206e-19
-1.770000e-01	3.507400e-01	1.938400e-18	-6.307132e-02	2.243344e-01	7.734912e-19
-1.770000e-01	3.507400e-01	1.938400e-18	-3.380786e-02	2.797863e-01	1.207354e-18
-1.770000e-01	3.507400e-01	1.938400e-18	-8.031588e-02	3.109938e-01	1.011532e-18
-1.770000e-01	3.507400e-01	1.938400e-18	-1.860291e-01	4.232329e-01	1.142382e-18
-1.770000e-01	3.507400e-01	1.938400e-18	-3.151146e-01	2.892434e-01	5.828058e-19
-1.770000e-01	3.507400e-01	1.938400e-18	-2.204718e-01	4.201985e-01	1.417648e-18
-1.770000e-01	3.507400e-01	1.938400e-18	-1.592702e-01	3.751777e-01	6.563040e-19
-1.770000e-01	3.507400e-01	1.938400e-18	-2.706510e-01	3.488395e-01	8.808827e-19
-1.770000e-01	3.507400e-01	1.938400e-18	-1.432012e-01	3.738010e-01	7.218552e-19
-1.770000e-01	3.507400e-01	1.938400e-18	-1.195239e-01	3.180960e-01	1.075799e-18
-1.770000e-01	3.507400e-01	1.938400e-18	-9.626733e-02	3.124642e-01	1.323903e-18
-1.770000e-01	3.507400e-01	1.938400e-18	-1.971844e-01	4.335518e-01	8.422218e-19
-1.770000e-01	3.507400e-01	1.938400e-18	-1.009193e-01	2.587127e-01	1.235627e-18
-1.770000e-01	3.507400e-01	1.938400e-18	-1.014834e-01	3.407404e-01	9.768936e-19
-1.770000e-01	3.507400e-01	1.938400e-18	-1.498761e-01	3.415182e-01	1.139761e-18
-1.770000e-01	3.507400e-01	1.938400e-18	-2.876681e-01	2.160796e-01	8.547932e-19
-1.770000e-01	3.507400e-01	1.938400e-18	-2.302031e-01	2.179014e-01	1.115301e-18
-1.770000e-01	3.507400e-01	1.938400e-18	-1.665096e-01	3.272594e-01	1.609109e-18
-1.770000e-01	3.507400e-01	1.938400e-18	-3.244919e-01	2.128417e-01	1.100110e-18
-1.770000e-01	3.507400e-01	1.938400e-18	-1.192798e-01	3.369973e-01	1.476537e-18
-1.770000e-01	3.507400e-01	1.938400e-18	-8.938535e-02	2.813219e-01	5.496924e-19
-1.770000e-01	3.507400e-01	1.938400e-18	-2.188412e-01	3.645198e-01	9.391767e-19
-1.770000e-01	3.507400e-01	1.938400e-18	-2.199528e-01	3.825295e-01	8.062113e-19
-1.770000e-01	3.507400e-01	1.938400e-18	-3.156612e-01	4.003957e-01	1.086677e-18
-1.770000e-01	3.507400e-01	1.938400e-18	-3.353650e-02	3.888976e-01	9.339582e-19
-1.770000e-01	3.507400e-01	1.938400e-18	-1.573488e-01	3.370905e-01	9.472214e-19
-1.770000e-01	3.507400e-01	1.938400e-18	-2.310201e-01	2.552655e-01	1.284999e-18
-1.770000e-01	3.507400e-01	1.938400e-18	-2.361568e-01	2.220752e-01	6.689410e-19
-1.770000e-01	3.507400e-01	1.938400e-18	-5.817587e-02	2.244884e-01	9.519867e-19
-1.770000e-01	3.507400e-01	1.938400e-18	-1.565128e-01	2.621640e-01	8.871918e-19
-1.770000e-01	3.507400e-01	1.938400e-18	-1.811121e-01	2.538127e-01	8.152255e-19
-1.770000e-01	3.507400e-01	1.938400e-18	-1.715698e-01	3.373708e-01	1.036310e-18
-1.770000e-01	3.507400e-01	1.938400e-18	-2.181959e-01	4.086861e-01	5.435917e-19
-1.770000e-01	3.507400e-01	1.938400e-18	-1.382212e-01	4.254520e-01	9.693608e-19
-1.770000e-01	3.507400e-01	1.938400e-18	-1.353820e-01	3.787860e-01	1.125503e-18
-1.770000e-01	3.507400e-01	1.938400e-18	-1.012138e-01	2.866327e-01	1.497476e-18
-1.770000e-01	3.507400e-01	1.938400e-18	-8.229253e-02	3.747284e-01	1.374866e-18
-1.770000e-01	3.507400e-01	1.938400e-18	-1.890633e-01	4.005473e-01	1.515849e-18
-1.770000e-01	3.507400e-01	1.938400e-18	-2.732390e-02	2.182998e-01	8.670759e-19
-1.770000e-01	3.507400e-01	1.938400e-18	-5.656294e-02	2.659939e-01	5.514259e-19
-1.770000e-01	3.507400e-01	1.938400e-18	-2.294801e-01	3.634725e-01	1.595255e-18
-1.770000e-01	3.507400e-01	1.938400e-18	-1.282841e-01	2.689301e-01	9.202182e-19
-1.770000e-01	3.507400e-01	1.938400e-18	-2.839695e-01	3.195147e-01	1.530554e-18
-1.770000e-01	3.507400e-01	1.938400e-18	-2.874032e-01	3.589647e-01	1.566395e-18
-1.770000e-01	3.507400e-01	1.938400e-18	-5.614246e-02	3.538891e-01	1.274431e-18
-1.770000e-01	3.507400e-01	1.938400e-18	-2.127070e-01	3.902125e-01	9.254000e-19
-1.770000e-01	3.507400e-01	1.938400e-18	-4.101794e-02	2.977678e-01	8.683011e-19
-1.770000e-01	3.507400e-01	1.938400e-18	-2.374449e-01	3.902954e-01	1.399806e-18
-1.770000e-01	3.507400e-01	1.938400e-18	-2.260310e-01	3.877413e-01	7.209671e-19
-1.770000e-01	3.507400e-01	1.938400e-18	-3.108376e-01	2.472509e-01	1.306000e-18
-1.770000e-01	3.507400e-01	1.938400e-18	-4.400864e-02	4.158033e-01	1.277978e-18
-1.770000e-01	3.507400e-01	1.938400e-18	-1.263165e-01	3.335665e-01	8.705369e-19
-1.770000e-01	3.507400e-01	1.938400e-18	-3.068820e-01	2.881590e-01	7.577008e-19
-1.770000e-01	3.507400e-01	1.938400e-18	-1.029263e-01	2.946888e-01	5.757363e-19
-1.770000e-01	3.507400e-01	1.938400e-18	-3.325009e-01	3.225834e-01	9.363598e-19
-1.770000e-01	3.507400e-01	1.938400e-18	-2.076027e-01	2.113843e-01	5.778043e-19
-1.770000e-01	3.507400e-01	1.938400e-18	-2.403411e-01	2.937417e-01	1.272105e-18
-1.770000e-01	3.507400e-01	1.938400e-18	-1.621700e-01	3.797772e-01	6.377717e-19
-1.770000e-01	3.507400e-01	1.938400e-18	-1.773480e-01	4.040175e-01	6.596221e-19
-1.770000e-01	3.507400e-01	1.938400e-18	-2.970318e-01	2.705076e-01	6.058709e-19
-1.770000e-01	3.507400e-01	1.938400e-18	-1.233642e-01	2.922098e-01	6.436720e-19
-1.770000e-01	3.507400e-01	1.938400e-18	-1.725027e-01	2.868302e-01	1.191016e-18
-1.770000e-01	3.507400e-01	1.938400e-18	-1.571608e-01	2.252630e-01	7.133950e-19
-1.770000e-01	3.507400e-01	1.938400e-18	-2.406105e-01	3.433235e-01	1.084737e-18
-1.770000e-01	3.507400e-01	1.938400e-18	-6.420852e-02	3.962660e-01	1.392609e-18
-1.770000e-01	3.507400e-01	1.938400e-18	-1.727606e-01	4.076232e-01	8.733874e-19
-1.770000e-01	3.507400e-01	1.938400e-18	-2.663973e-01	2.123952e-01	8.895008e-19
-1.770000e-01	3.507400e-01	1.938400e-18	-1.041402e-01	3.804523e-01	5.505965e-19
-1.770000e-01	3.507400e-01	1.938400e-18	-2.811243e-01	2.269801e-01	7.502366e-19
-1.770000e-01	3.507400e-01	1.938400e-18	-3.037051e-02	2.463135e-01	1.526254e-18
-1.770000e-01	3.507400e-01	1.938400e-18	-1.782118e-01	2.999065e-01	8.819824e-19
-1.770000e-01	3.507400e-01	1.938400e-18	-3.436544e-02	4.265297e-01	6.921210e-19
-1.770000e-01	3.507400e-01	1.938400e-18	-2.973813e-01	3.520970e-01	8.851570e-19
-1.770000e-01	3.507400e-01	1.938400e-18	-1.608949e-01	2.293492e-01	1.538778e-18
-1.770000e-01	3.507400e-01	1.938400e-18	-1.762504e-01	3.081120e-01	9.637989e-19
-1.770000e-01	3.507400e-01	1.938400e-18	-3.176620e-01	2.525675e-01	7.961941e-19
-1.770000e-01	3.507400e-01	1.938400e-18	-3.357756e-01	4.015410e-01	1.358192e-18
-1.770000e-01	3.507400e-01	1.938400e-18	-2.120239e-01	2.719853e-01	7.028575e-19
-1.770000e-01	3.507400e-01	1.938400e-18	-1.476027e-01	2.366183e-01	1.349689e-18
-1.770000e-01	3.507400e-01	1.938400e-18	-3.065263e-01	2.383884e-01	1.112227e-18
-1.770000e-01	3.507400e-01	1.938400e-18	-3.239716e-01	2.610989e-01	1.328154e-18
-1.770000e-01	3.507400e-01	1.938400e-18	-6.820323e-02	2.388827e-01	8.277933e-19
-1.770000e-01	3.507400e-01	1.938400e-18	-3.363033e-01	2.093362e-01	1.422183e-18
-1.770000e-01	3.507400e-01	1.938400e-18	-2.834970e-02	3.044485e-01	1.310806e-18
-1.770000e-01	3.507400e-01	1.938400e-18	-3.369054e-01	2.640014e-01	8.106605e-19
-1.770000e-01	3.507400e-01	1.938400e-18	-6.203908e-02	2.656919e-01	7.602726e-19
-1.770000e-01	3.507400e-01	1.938400e-18	-2.675137e-01	3.453378e-01	7.815059e-19
-1.770000e-01	3.507400e-01	1.938400e-18	-2.219219e-01	3.998524e-01	5.401659e-19
-1.770000e-01	3.507400e-01	1.938400e-18	-1.477975e-01	3.892340e-01	1.475817e-18
-1.770000e-01	3.507400e-01	1.938400e-18	-1.566993e-01	2.150685e-01	1.492537e-18
-1.770000e-01	3.507400e-01	1.938400e-18	-2.233896e-01	4.376380e-01	7.227828e-19
-1.770000e-01	3.507400e-01	1.938400e-18	-4.500326e-02	4.262048e-01	9.588583e-19
-1.770000e-01	3.507400e-01	1.938400e-18	-2.892242e-01	3.046137e-01	1.164179e-18
-1.770000e-01	3.507400e-01	1.938400e-18	-4.384790e-02	2.456348e-01	1.101487e-18
-1.770000e-01	3.507400e-01	1.938400e-18	-6.970705e-02	3.478031e-01	7.456599e-19
-1.770000e-01	3.507400e-01	1.938400e-18	-2.336527e-01	2.880282e-01	8.446634e-19
-1.770000e-01	3.507400e-01	1.938400e-18	-2.671298e-01	2.681814e-01	1.215857e-18
-1.770000e-01	3.507400e-01	1.938400e-18	-3.051330e-01	3.822124e-01	1.198766e-18
-1.770000e-01	3.507400e-01	1.938400e-18	-6.645022e-02	4.352064e-01	6.870509e-19
-1.770000e-01	3.507400e-01	1.938400e-18	-1.744323e-01	3.259169e-01	1.291181e-18
-1.770000e-01	3.507400e-01	1.938400e-18	-2.263505e-01	3.717385e-01	1.378532e-18
-1.770000e-01	3.507400e-01	1.938400e-18	-1.554287e-01	2.918418e-01	7.802200e-19
-1.770000e-01	3.507400e-01	1.938400e-18	-1.898488e-01	3.836264e-01	6.149729e-19
-1.770000e-01	3.507400e-01	1.938400e-18	-1.706503e-01	2.496193e-01	7.972788e-19
-1.770000e-01	3.507400e-01	1.938400e-18	-3.000068e-01	2.210937e-01	1.126897e-18
-1.770000e-01	3.507400e-01	1.938400e-18	-1.462534e-01	2.166226e-01	6.683176e-19
-1.770000e-01	3.507400e-01	1.938400e-18	-1.652123e-01	2.309479e-01	1.204775e-18
-1.770000e-01	3.507400e-01	1.938400e-18	-8.158841e-02	2.692032e-01	1.243041e-18
-1.770000e-01	3.507400e-01	1.938400e-18	-1.739427e-01	3.757507e-01	1.137581e-18
-1.770000e-01	3.507400e-01	1.938400e-18	-2.238884e-01	4.295034e-01	6.013417e-19
-1.770000e-01	3.507400e-01	1.938400e-18	-2.552119e-01	2.477365e-01	6.201588e-19
-1.770000e-01	3.507400e-01	1.938400e-18	-1.434079e-01	4.193128e-01	6.453697e-19
-1.770000e-01	3.507400e-01	1.938400e-18	-1.623656e-01	2.871152e-01	1.436390e-18
-1.770000e-01	3.507400e-01	1.938400e-18	-8.477772e-02	3.098155e-01	1.354589e-18
-1.770000e-01	3.507400e-01	1.938400e-18	-3.956584e-02	2.193088e-01	1.247841e-18
-1.770000e-01	3.507400e-01	1.938400e-18	-2.381469e-01	2.171159e-01	1.584063e-18
-1.770000e-01	3.507400e-01	1.938400e-18	-2.768789e-01	3.450746e-01	1.093653e-18
-1.770000e-01	3.507400e-01	1.938400e-18	-5.111992e-02	2.694833e-01	9.167265e-19
-1.770000e-01	3.507400e-01	1.938400e-18	-1.314363e-01	3.345697e-01	6.728731e-19
-1.770000e-01	3.507400e-01	1.938400e-18	-7.796750e-02	2.143328e-01	1.467250e-18
-1.770000e-01	3.507400e-01	1.938400e-18	-4.987953e-02	3.923641e-01	9.389750e-19
-1.770000e-01	3.507400e-01	1.938400e-18	-5.448885e-02	2.997745e-01	5.657959e-19
-1.770000e-01	3.507400e-01	1.938400e-18	-2.743862e-01	4.200797e-01	1.596088e-18
-1.770000e-01	3.507400e-01	1.938400e-18	-2.904254e-01	2.232408e-01	1.068852e-18
-1.770000e-01	3.507400e-01	1.938400e-18	-1.973467e-01	2.482390e-01	1.485718e-18
-1.770000e-01	3.507400e-01	1.938400e-18	-1.247429e-01	3.618279e-01	1.103127e-18
-1.770000e-01	3.507400e-01	1.938400e-18	-3.873207e-02	2.274400e-01	1.412587e-18
-1.770000e-01	3.507400e-01	1.938400e-18	-1.084132e-01	4.120872e-01	1.462247e-18
-1.770000e-01	3.507400e-01	1.938400e-18	-1.887423e-01	2.613405e-01	1.396644e-18
-1.770000e-01	3.507400e-01	1.938400e-18	-1.549587e-01	2.258740e-01	9.891014e-19
-1.770000e-01	3.507400e-01	1.938400e-18	-2.611199e-01	3.152791e-01	6.080336e-19
-1.770000e-01	3.507400e-01	1.938400e-18	-4.169519e-02	4.190321e-01	8.527391e-19
-1.770000e-01	3.507400e-01	1.938400e-18	-2.015630e-01	2.351811e-01	8.227844e-19
-1.770000e-01	3.507400e-01	1.938400e-18	-2.537979e-02	3.400481e-01	6.309144e-19
-1.770000e-01	3.507400e-01	1.938400e-18	-2.820060e-01	3.982221e-01	1.613606e-18
-1.770000e-01	3.507400e-01	1.938400e-18	-1.702257e-01	4.295115e-01	7.542391e-19
-1.770000e-01	3.507400e-01	1.938400e-18	-1.630574e-01	2.583088e-01	1.182162e-18
-1.770000e-01	3.507400e-01	1.938400e-18	-2.823162e-01	2.423478e-01	1.348013e-18
-1.770000e-01	3.507400e-01	1.938400e-18	-1.502490e-01	3.729430e-01	1.338715e-18
-1.770000e-01	3.507400e-01	1.938400e-18	-2.499831e-01	2.819226e-01	1.264804e-18
-1.770000e-01	3.507400e-01	1.938400e-18	-2.790531e-01	3.156030e-01	1.417791e-18
-1.770000e-01	3.507400e-01	1.938400e-18	-6.001480e-02	2.288458e-01	7.190154e-19
-1.770000e-01	3.507400e-01	1.938400e-18	-7.803860e-02	3.261828e-01	1.264307e-18
-1.770000e-01	3.507400e-01	1.938400e-18	-2.558609e-01	2.768614e-01	1.333217e-18
-1.770000e-01	3.507400e-01	1.938400e-18	-3.026185e-01	4.100321e-01	8.177782e-19
-1.770000e-01	3.507400e-01	1.938400e-18	-3.137080e-01	3.115542e-01	6.502453e-19
-1.770000e-01	3.507400e-01	1.938400e-18	-3.097283e-01	2.323734e-01	1.493715e-18
-1.770000e-01	3.507400e-01	1.938400e-18	-2.920786e-01	2.594064e-01	7.060967e-19
-1.770000e-01	3.507400e-01	1.938400e-18	-2.720362e-01	3.396620e-01	5.736506e-19
-1.770000e-01	3.507400e-01	1.938400e-18	-2.746711e-01	2.857068e-01	1.466252e-18
-1.770000e-01	3.507400e-01	1.938400e-18	-3.739974e-02	3.033133e-01	6.954352e-19
-1.770000e-01	3.507400e-01	1.938400e-18	-9.023967e-02	3.436409e-01	8.694685e-19
-1.770000e-01	3.507400e-01	1.938400e-18	-1.750402e-01	3.074329e-01	1.244260e-18
-1.770000e-01	3.507400e-01	1.938400e-18	-3.182382e-01	3.800220e-01	5.898126e-19
-1.770000e-01	3.507400e-01	1.938400e-18	-1.806283e-01	4.047177e-01	7.307272e-19
-1.770000e-01	3.507400e-01	1.938400e-18	-1.658446e-01	2.696401e-01	1.276606e-18
-1.770000e-01	3.507400e-01	1.938400e-18	-6.121601e-02	2.247212e-01	1.428293e-18
-1.770000e-01	3.507400e-01	1.938400e-18	-2.540091e-01	3.143616e-01	1.056435e-18
-1.770000e-01	3.507400e-01	1.938400e-18	-2.964100e-01	2.212518e-01	1.336395e-18
-1.770000e-01	3.507400e-01	1.938400e-18	-5.368051e-02	3.991218e-01	1.434642e-18
-1.770000e-01	3.507400e-01	1.938400e-18	-1.843135e-01	2.626998e-01	8.635992e-19
-1.770000e-01	3.507400e-01	1.938400e-18	-5.885701e-02	3.662657e-01	6.751666e-19
-1.770000e-01	3.507400e-01	1.938400e-18	-2.927306e-01	3.851429e-01	6.286683e-19
-1.770000e-01	3.507400e-01	1.938400e-18	-3.327575e-01	3.665414e-01	1.598171e-18
-1.770000e-01	3.507400e-01	1.938400e-18	-1.516915e-01	3.761578e-01	1.019160e-18
-1.770000e-01	3.507400e-01	1.938400e-18	-2.012452e-01	2.487873e-01	1.405954e-18
-1.770000e-01	3.507400e-01	1.938400e-18	-3.670872e-02	2.671035e-01	1.170542e-18
-1.770000e-01	3.507400e-01	1.938400e-18	-2.897587e-01	2.787064e-01	8.208766e-19
-1.770000e-01	3.507400e-01	1.938400e-18	-2.326932e-01	2.850935e-01	1.032514e-18
-1.770000e-01	3.507400e-01	1.938400e-18	-2.377025e-01	2.585202e-01	1.053537e-18
-1.770000e-01	3.507400e-01	1.938400e-18	-1.400350e-01	2.545302e-01	1.259498e-18
-1.770000e-01	3.507400e-01	1.938400e-18	-4.009718e-02	4.344213e-01	1.359114e-18
-1.770000e-01	3.507400e-01	1.938400e-18	-2.843178e-01	4.341442e-01	1.486713e-18
-1.770000e-01	3.507400e-01	1.938400e-18	-2.429275e-01	2.238003e-01	1.028344e-18
-1.770000e-01	3.507400e-01	1.938400e-18	-1.841017e-01	3.550062e-01	1.219616e-18
-1.770000e-01	3.507400e-01	1.938400e-18	-2.123223e-01	4.026414e-01	7.578802e-19
-1.770000e-01	3.507400e-01	1.938400e-18	-1.155592e-01	4.186994e-01	6.580127e-19
-1.770000e-01	3.507400e-01	1.938400e-18	-2.156381e-01	2.885528e-01	1.605793e-18
-1.770000e-01	3.507400e-01	1.938400e-18	-1.357498e-01	3.337255e-01	1.153468e-18
-1.770000e-01	3.507400e-01	1.938400e-18	-1.188707e-01	3.783830e-01	1.309320e-18
-1.770000e-01	3.507400e-01	1.938400e-18	-7.894882e-02	3.267307e-01	1.329440e-18
-1.770000e-01	3.507400e-01	1.938400e-18	-2.690245e-01	2.181286e-01	7.638960e-19
-1.770000e-01	3.507400e-01	1.938400e-18	-2.683473e-01	2.967937e-01	1.578988e-18
-1.770000e-01	3.507400e-01	1.938400e-18	-3.296464e-01	3.076724e-01	7.663415e-19
-1.770000e-01	3.507400e-01	1.938400e-18	-2.982440e-01	2.476713e-01	8.522083e-19
-1.770000e-01	3.507400e-01	1.938400e-18	-1.937844e-01	2.533323e-01	8.002077e-19
-1.770000e-01	3.507400e-01	1.938400e-18	-2.579728e-02	2.892863e-01	1.193059e-18
-1.770000e-01	3.507400e-01	1.938400e-18	-4.689529e-02	4.142047e-01	7.878988e-19
-1.770000e-01	3.507400e-01	1.938400e-18	-7.433884e-02	4.172877e-01	1.088886e-18
-1.770000e-01	3.507400e-01	1.938400e-18	-3.013336e-01	3.203976e-01	1.386437e-18
-1.770000e-01	3.507400e-01	1.938400e-18	-1.627964e-01	3.628191e-01	8.554014e-19
-1.770000e-01	3.507400e-01	1.938400e-18	-2.824959e-01	2.753713e-01	1.009103e-18
-1.770000e-01	3.507400e-01	1.938400e-18	-3.145930e-01	3.927869e-01	1.566992e-18
-1.770000e-01	3.507400e-01	1.938400e-18	-3.334254e-01	3.711887e-01	9.717849e-19
-1.770000e-01	3.507400e-01	1.938400e-18	-2.031495e-01	4.178309e-01	1.543938e-18
-1.770000e-01	3.507400e-01	1.938400e-18	-2.446728e-01	3.778993e-01	7.509543e-19
-1.770000e-01	3.507400e-01	1.938400e-18	-6.263746e-02	2.909737e-01	6.383715e-19
-1.770000e-01	3.507400e-01	1.938400e-18	-1.718479e-01	2.254316e-01	1.176570e-18
-1.770000e-01	3.507400e-01	1.938400e-18	-1.851043e-01	3.347994e-01	1.312476e-18
-1.770000e-01	3.507400e-01	1.938400e-18	-1.229094e-01	3.492019e-01	1.517177e-18
-1.770000e-01	3.507400e-01	1.938400e-18	-6.068307e-02	3.319284e-01	8.040462e-19
-1.770000e-01	3.507400e-01	1.938400e-18	-3.268130e-01	4.214766e-01	8.843762e-19
-1.770000e-01	3.507400e-01	1.938400e-18	-1.831638e-01	2.199603e-01	8.788541e-19
-1.770000e-01	3.507400e-01	1.938400e-18	-7.211777e-02	2.484562e-01	7.117697e-19
-1.770000e-01	3.507400e-01	1.938400e-18	-1.298262e-01	3.655333e-01	1.534656e-18
-1.770000e-01	3.507400e-01	1.938400e-18	-3.955522e-02	3.035946e-01	7.342595e-19
-1.770000e-01	3.507400e-01	1.938400e-18	-1.260406e-01	2.796398e-01	6.648181e-19
-1.770000e-01	3.507400e-01	1.938400e-18	-9.990591e-02	3.775714e-01	6.937498e-19
-1.770000e-01	3.507400e-01	1.938400e-18	-1.323213e-01	2.363405e-01	1.362509e-18
-1.770000e-01	3.507400e-01	1.938400e-18	-1.097110e-01	3.740909e-01	1.141367e-18
-1.770000e-01	3.507400e-01	1.938400e-18	-2.277457e-01	3.731660e-01	9.974608e-19
-1.770000e-01	3.507400e-01	1.938400e-18	-2.330217e-01	2.549679e-01	8.300676e-19
-1.770000e-01	3.507400e-01	1.938400e-18	-2.390304e-01	2.262273e-01	1.202209e-18
-1.770000e-01	3.507400e-01	1.938400e-18	-1.994436e-01	3.338954e-01	1.297158e-18
-1.770000e-01	3.507400e-01	1.938400e-18	-3.138244e-02	3.465932e-01	6.051831e-19
-1.770000e-01	3.507400e-01	1.938400e-18	-1.244824e-01	3.614531e-01	8.112154e-19
-1.770000e-01	3.507400e-01	1.938400e-18	-1.114122e-01	3.448829e-01	1.423778e-18
-1.770000e-01	3.507400e-01	1.938400e-18	-2.481546e-01	3.202596e-01	8.417519e-19
-1.770000e-01	3.507400e-01	1.938400e-18	-1.204739e-01	3.637924e-01	9.150516e-19
-1.770000e-01	3.507400e-01	1.938400e-18	-1.267431e-01	3.113191e-01	7.669373e-19
-1.770000e-01	3.507400e-01	1.938400e-18	-2.989515e-01	3.394390e-01	1.570615e-18
-1.770000e-01	3.507400e-01	1.938400e-18	-2.364214e-01	3.709065e-01	1.409611e-18
-1.770000e-01	3.507400e-01	1.938400e-18	-1.385179e-01	3.954894e-01	7.700654e-19
-1.770000e-01	3.507400e-01	1.938400e-18	-1.446447e-01	4.332514e-01	1.488031e-18
-1.770000e-01	3.507400e-01	1.938400e-18	-6.719763e-02	3.914224e-01	8.339169e-19
-1.770000e-01	3.507400e-01	1.938400e-18	-1.363388e-01	2.189216e-01	1.403157e-18
-1.770000e-01	3.507400e-01	1.938400e-18	-2.800230e-01	2.915164e-01	1.083383e-18
-1.770000e-01	3.507400e-01	1.938400e-18	-1.142846e-01	3.869769e-01	8.167697e-19
-1.770000e-01	3.507400e-01	1.938400e-18	-3.089001e-01	3.682696e-01	1.356117e-18
-1.770000e-01	3.507400e-01	1.938400e-18	-2.835135e-01	3.423900e-01	1.248641e-18
-1.770000e-01	3.507400e-01	1.938400e-18	-2.440538e-01	3.545451e-01	8.562105e-19
-1.770000e-01	3.507400e-01	1.938400e-18	-2.752645e-01	3.226516e-01	7.387805e-19
-1.770000e-01	3.507400e-01	1.938400e-18	-1.147802e-01	2.666756e-01	1.303026e-18
-1.770000e-01	3.507400e-01	1.938400e-18	-2.676271e-01	4.036390e-01	1.589219e-18
-1.770000e-01	3.507400e-01	1.938400e-18	-2.782127e-01	2.101247e-01	1.162305e-18
-1.770000e-01	3.507400e-01	1.938400e-18	-2.695030e-01	4.329283e-01	5.890302e-19
-1.770000e-01	3.507400e-01	1.938400e-18	-2.976459e-01	3.674816e-01	1.286884e-18
-1.770000e-01	3.507400e-01	1.938400e-18	-1.103916e-01	3.584845e-01	1.129859e-18
-1.770000e-01	3.507400e-01	1.938400e-18	-2.702255e-01	3.873460e-01	1.164837e-18
-1.770000e-01	3.507400e-01	1.938400e-18	-1.054848e-01	3.591959e-01	1.162050e-18
-1.770000e-01	3.507400e-01	1.938400e-18	-2.415561e-01	3.975580e-01	1.221802e-18
-1.770000e-01	3.507400e-01	1.938400e-18	-3.128934e-01	2.876991e-01	1.330588e-18
-1.770000e-01	3.507400e-01	1.938400e-18	-1.854405e-01	3.696223e-01	1.582465e-18
-1.770000e-01	3.507400e-01	1.938400e-18	-3.033971e-01	2.272059e-01	1.484347e-18
-1.770000e-01	3.507400e-01	1.938400e-18	-1.815415e-01	2.664743e-01	6.430555e-19
-1.770000e-01	3.507400e-01	1.938400e-18	-9.911179e-02	2.650524e-01	5.974631e-19
-1.770000e-01	3.507400e-01	1.938400e-18	-2.716643e-01	3.213707e-01	1.187039e-18
-1.770000e-01	3.507400e-01	1.938400e-18	-3.082572e-01	2.397000e-01	1.426336e-18
-1.770000e-01	3.507400e-01	1.938400e-18	-1.847006e-01	2.411865e-01	1.532225e-18
-1.770000e-01	3.507400e-01	1.938400e-18	-7.507035e-02	4.348482e-01	1.008016e-18
-1.770000e-01	3.507400e-01	1.938400e-18	-1.286919e-01	3.699560e-01	8.992239e-19
-1.770000e-01	3.507400e-01	1.938400e-18	-1.110314e-01	2.415209e-01	9.066191e-19
-1.770000e-01	3.507400e-01	1.938400e-18	-2.486336e-01	3.651660e-01	1.242891e-18
-1.770000e-01	3.507400e-01	1.938400e-18	-1.577763e-01	3.910683e-01	1.285400e-18
-1.770000e-01	3.507400e-01	1.938400e-18	-2.042105e-01	4.238118e-01	7.916127e-19
-1.770000e-01	3.507400e-01	1.938400e-18	-3.395254e-01	3.847694e-01	8.317190e-19
-1.770000e-01	3.507400e-01	1.938400e-18	-1.022847e-01	3.235236e-01	1.240850e-18
-1.770000e-01	3.507400e-01	1.938400e-18	-2.572717e-01	4.135415e-01	9.794437e-19
-1.770000e-01	3.507400e-01	1.938400e-18	-1.813263e-01	3.358718e-01	1.559746e-18
-1.770000e-01	3.507400e-01	1.938400e-18	-8.873325e-02	4.032029e-01	5.985665e-19
-1.770000e-01	3.507400e-01	1.938400e-18	-2.512714e-01	4.299917e-01	1.323232e-18
-1.770000e-01	3.507400e-01	1.938400e-18	-2.950150e-01	4.307147e-01	1.002836e-18
-1.770000e-01	3.507400e-01	1.938400e-18	-2.698594e-01	3.299729e-01	9.760114e-19
-1.770000e-01	3.507400e-01	1.938400e-18	-1.935176e-01	2.643285e-01	1.587423e-18
-1.770000e-01	3.507400e-01	1.938400e-18	-1.319180e-01	2.876234e-01	1.510256e-18
-1.770000e-01	3.507400e-01	1.938400e-18	-3.254658e-01	3.749389e-01	5.733492e-19
-1.770000e-01	3.507400e-01	1.938400e-18	-2.223767e-01	3.932451e-01	1.007880e-18
-1.770000e-01	3.507400e-01	1.938400e-18	-2.724504e-02	2.419331e-01	1.196415e-18
-1.770000e-01	3.507400e-01	1.938400e-18	-1.678016e-01	3.444094e-01	1.421314e-18
-1.770000e-01	3.507400e-01	1.938400e-18	-5.384801e-02	3.062583e-01	7.109267e-19
-1.770000e-01	3.507400e-01	1.938400e-18	-2.463986e-01	3.316109e-01	1.185293e-18
-1.770000e-01	3.507400e-01	1.938400e-18	-3.185278e-01	3.597634e-01	1.350520e-18
-1.770000e-01	3.507400e-01	1.938400e-18	-1.058536e-01	2.358669e-01	7.823348e-19
-1.770000e-01	3.507400e-01	1.938400e-18	-1.582936e-01	3.403809e-01	1.258155e-18
-1.770000e-01	3.507400e-01	1.938400e-18	-1.523135e-01	3.620623e-01	6.019028e-19
-1.770000e-01	3.507400e-01	1.938400e-18	-1.596090e-01	3.495894e-01	8.745340e-19
-1.770000e-01	3.507400e-01	1.938400e-18	-2.209612e-01	3.311507e-01	1.132855e-18
-1.770000e-01	3.507400e-01	1.938400e-18	-1.163717e-01	2.988162e-01	1.056776e-18
-1.770000e-01	3.507400e-01	1.938400e-18	-6.510165e-02	3.636529e-01	9.853095e-19
-1.770000e-01	3.507400e-01	1.938400e-18	-1.988259e-01	3.140191e-01	1.307056e-18
-1.770000e-01	3.507400e-01	1.938400e-18	-2.585904e-01	2.923720e-01	7.089589e-19
-1.770000e-01	3.507400e-01	1.938400e-18	-2.315651e-01	2.780233e-01	1.404232e-18
-1.770000e-01	3.507400e-01	1.938400e-18	-2.421627e-01	2.221462e-01	6.511561e-19
-1.770000e-01	3.507400e-01	1.938400e-18	-2.908803e-01	3.993093e-01	1.354003e-18
-1.770000e-01	3.507400e-01	1.938400e-18	-1.321570e-01	3.917312e-01	8.764410e-19
-1.770000e-01	3.507400e-01	1.938400e-18	-5.177263e-02	2.204567e-01	1.070291e-18
-1.770000e-01	3.507400e-01	1.938400e-18	-1.091337e-01	4.269123e-01	1.269676e-18
-1.770000e-01	3.507400e-01	1.938400e-18	-1.328392e-01	4.226724e-01	1.567592e-18
-1.770000e-01	3.507400e-01	1.938400e-18	-9.069918e-02	3.823219e-01	1.175323e-18
-1.770000e-01	3.507400e-01	1.938400e-18	-2.603648e-01	3.939724e-01	1.233711e-18
-1.770000e-01	3.507400e-01	1.938400e-18	-4.858038e-02	3.867379e-01	1.514763e-18
-1.770000e-01	3.507400e-01	1.938400e-18	-7.393467e-02	3.246317e-01	5.458272e-19
-1.770000e-01	3.507400e-01	1.938400e-18	-1.220995e-01	2.591491e-01	1.155718e-18
-1.770000e-01	3.507400e-01	1.938400e-18	-1.184524e-01	2.120559e-01	1.603865e-18
-1.770000e-01	3.507400e-01	1.938400e-18	-8.404067e-02	2.310588e-01	6.739814e-19
-1.770000e-01	3.507400e-01	1.938400e-18	-2.434193e-01	3.363412e-01	1.562845e-18
-1.770000e-01	3.507400e-01	1.938400e-18	-2.162307e-01	3.171358e-01	1.438815e-18
-1.770000e-01	3.507400e-01	1.938400e-18	-1.033811e-01	4.338326e-01	8.613867e-19
-1.770000e-01	3.507400e-01	1.938400e-18	-2.808487e-01	4.211673e-01	1.478139e-18
-1.770000e-01	3.507400e-01	1.938400e-18	-2.938650e-01	3.884932e-01	1.168538e-18
-1.770000e-01	3.507400e-01	1.938400e-18	-2.025870e-01	4.103731e-01	1.343019e-18
-1.770000e-01	3.507400e-01	1.938400e-18	-1.544034e-01	2.859749e-01	1.335312e-18
-1.770000e-01	3.507400e-01	1.938400e-18	-1.679558e-01	3.154469e-01	6.846709e-19
-1.770000e-01	3.507400e-01	1.938400e-18	-3.570666e-02	4.234143e-01	7.447589e-19
-1.770000e-01	3.507400e-01	1.938400e-18	-2.005897e-01	3.431309e-01	5.799568e-19
-1.770000e-01	3.507400e-01	1.938400e-18	-2.797371e-01	3.698764e-01	1.015664e-18
-1.770000e-01	3.507400e-01	1.938400e-18	-5.694321e-02	3.588500e-01	1.389052e-18
-1.770000e-01	3.507400e-01	1.938400e-18	-1.125787e-01	2.460865e-01	9.964781e-19
-1.770000e-01	3.507400e-01	1.938400e-18	-2.588040e-01	2.570500e-01	7.846230e-19
-1.770000e-01	3.507400e-01	1.938400e-18	-7.146339e-02	3.953493e-01	1.550397e-18
-1.770000e-01	3.507400e-01	1.938400e-18	-2.728366e-01	2.847875e-01	1.399153e-18
-1.770000e-01	3.507400e-01	1.938400e-18	-9.161089e-02	3.816710e-01	1.129096e-18
-1.770000e-01	3.507400e-01	1.938400e-18	-2.456841e-01	4.364421e-01	1.077297e-18
-1.770000e-01	3.507400e-01	1.938400e-18	-3.291735e-01	2.842950e-01	1.331594e-18
-1.770000e-01	3.507400e-01	1.938400e-18	-1.656381e-01	2.636617e-01	1.342162e-18
-1.770000e-01	3.507400e-01	1.938400e-18	-1.669873e-01	2.334806e-01	1.522656e-18
-1.770000e-01	3.507400e-01	1.938400e-18	-2.578643e-01	4.153607e-01	1.524978e-18
-1.770000e-01	3.507400e-01	1.938400e-18	-1.225329e-01	3.564581e-01	9.579150e-19
-1.770000e-01	3.507400e-01	1.938400e-18	-2.069969e-01	2.295433e-01	7.679670e-19
-1.770000e-01	3.507400e-01	1.938400e-18	-2.688218e-01	2.435654e-01	8.892588e-19
-1.770000e-01	3.507400e-01	1.938400e-18	-1.538412e-01	2.342589e-01	1.527485e-18
-1.770000e-01	3.507400e-01	1.938400e-18	-2.608224e-01	4.237299e-01	1.366259e-18
-1.770000e-01	3.507400e-01	1.938400e-18	-1.560619e-01	4.326452e-01	1.104308e-18
-1.770000e-01	3.507400e-01	1.938400e-18	-2.151247e-01	2.116750e-01	5.858579e-19
-1.770000e-01	3.507400e-01	1.938400e-18	-2.910993e-01	3.460202e-01	9.858004e-19
-1.770000e-01	3.507400e-01	1.938400e-18	-3.373095e-01	4.252286e-01	8.465630e-19
-1.770000e-01	3.507400e-01	1.938400e-18	-1.388824e-01	2.301720e-01	8.258233e-19
-1.770000e-01	3.507400e-01	1.938400e-18	-1.720700e-01	2.126509e-01	1.171649e-18
-1.770000e-01	3.507400e-01	1.938400e-18	-1.061693e-01	3.648525e-01	1.229547e-18
-1.770000e-01	3.507400e-01	1.938400e-18	-1.407693e-01	2.502292e-01	1.234880e-18
-1.770000e-01	3.507400e-01	1.938400e-18	-1.873845e-01	3.806610e-01	1.018593e-18
-1.770000e-01	3.507400e-01	1.938400e-18	-1.181417e-01	2.603809e-01	1.065081e-18
-1.770000e-01	3.507400e-01	1.938400e-18	-7.585300e-02	3.382735e-01	7.780876e-19
-1.770000e-01	3.507400e-01	1.938400e-18	-1.238649e-01	3.766870e-01	5.687333e-19
-1.770000e-01	3.507400e-01	1.938400e-18	-2.920539e-02	2.250055e-01	7.993125e-19
-1.770000e-01	3.507400e-01	1.938400e-18	-1.918345e-01	3.944665e-01	1.351620e-18
-1.770000e-01	3.507400e-01	1.938400e-18	-5.760957e-02	3.594400e-01	9.513248e-19
-1.770000e-01	3.507400e-01	1.938400e-18	-2.581758e-01	3.997051e-01	1.594355e-18
-1.770000e-01	3.507400e-01	1.938400e-18	-1.977839e-01	2.654866e-01	5.605547e-19
-1.770000e-01	3.507400e-01	1.938400e-18	-1.005196e-01	3.327515e-01	1.379793e-18
-1.770000e-01	3.507400e-01	1.938400e-18	-1.747078e-01	3.921136e-01	1.124265e-18
-1.770000e-01	3.507400e-01	1.938400e-18	-4.755998e-02	4.037596e-01	1.239727e-18
-1.770000e-01	3.507400e-01	1.938400e-18	-2.854635e-01	3.980280e-01	1.407496e-18
-1.770000e-01	3.507400e-01	1.938400e-18	-6.461509e-02	3.059656e-01	1.604945e-18
-1.770000e-01	3.507400e-01	1.938400e-18	-2.245695e-01	3.420892e-01	6.530215e-19
-1.770000e-01	3.507400e-01	1.938400e-18	-3.116544e-01	3.048395e-01	1.556882e-18
-1.770000e-01	3.507400e-01	1.938400e-18	-3.187126e-01	3.475524e-01	5.711662e-19
-1.770000e-01	3.507400e-01	1.938400e-18	-3.125018e-01	3.937476e-01	1.181137e-18
-1.770000e-01	3.507400e-01	1.938400e-18	-1.116195e-01	2.232964e-01	1.073965e-18
-1.770000e-01	3.507400e-01	1.938400e-18	-9.651267e-02	2.981780e-01	9.318638e-19
-1.770000e-01	3.507400e-01	1.938400e-18	-2.901246e-01	3.721832e-01	1.029887e-18
-1.770000e-01	3.507400e-01	1.938400e-18	-2.040608e-01	3.293415e-01	1.253137e-18
-1.770000e-01	3.507400e-01	1.938400e-18	-6.768467e-02	2.392972e-01	1.363135e-18
-1.770000e-01	3.507400e-01	1.938400e-18	-2.196412e-01	3.027691e-01	8.130335e-19
-1.770000e-01	3.507400e-01	1.938400e-18	-2.987247e-02	3.391796e-01	1.281380e-18
-1.770000e-01	3.507400e-01	1.938400e-18	-3.126284e-02	2.810604e-01	8.390655e-19
-1.770000e-01	3.507400e-01	1.938400e-18	-3.152256e-01	2.689958e-01	1.614649e-18
-1.770000e-01	3.507400e-01	1.938400e-18	-1.682323e-01	4.073974e-01	1.517968e-18
-1.770000e-01	3.507400e-01	1.938400e-18	-7.764846e-02	2.931772e-01	1.102095e-18
-1.770000e-01	3.507400e-01	1.938400e-18	-4.445518e-02	3.106354e-01	1.560323e-18
-1.770000e-01	3.507400e-01	1.938400e-18	-2.616060e-01	2.471272e-01	1.154488e-18
-1.770000e-01	3.507400e-01	1.938400e-18	-2.109543e-01	3.863510e-01	1.047726e-18
-1.770000e-01	3.507400e-01	1.938400e-18	-1.932652e-01	3.022453e-01	1.216848e-18
-1.770000e-01	3.507400e-01	1.938400e-18	-1.044443e-01	4.284143e-01	1.208684e-18
-1.770000e-01	3.507400e-01	1.938400e-18	-2.709634e-01	3.009806e-01	1.480799e-18
-1.770000e-01	3.507400e-01	1.938400e-18	-8.080794e-02	3.995251e-01	1.031160e-18
-1.770000e-01	3.507400e-01	1.938400e-18	-1.215212e-01	2.633394e-01	1.599646e-18
-1.770000e-01	3.507400e-01	1.938400e-18	-9.061054e-02	4.007813e-01	8.578746e-19
-1.770000e-01	3.507400e-01	1.938400e-18	-1.411461e-01	2.888510e-01	1.586826e-18
-1.770000e-01	3.507400e-01	1.938400e-18	-2.857657e-01	2.281518e-01	5.445453e-19
-1.770000e-01	3.507400e-01	1.938400e-18	-1.507528e-01	2.230192e-01	7.321101e-19
-1.770000e-01	3.507400e-01	1.938400e-18	-3.219374e-01	3.844588e-01	1.319591e-18
-1.770000e-01	3.507400e-01	1.938400e-18	-2.294014e-01	3.579011e-01	1.424268e-18
-1.770000e-01	3.507400e-01	1.938400e-18	-2.640517e-02	2.149458e-01	1.402209e-18
-1.770000e-01	3.507400e-01	1.938400e-18	-8.712098e-02	2.511335e-01	1.450267e-18
-1.770000e-01	3.507400e-01	1.938400e-18	-2.383331e-01	3.934416e-01	1.431299e-18
-1.770000e-01	3.507400e-01	1.938400e-18	-9.809024e-02	3.131851e-01	1.340341e-18
-1.770000e-01	3.507400e-01	1.938400e-18	-7.182174e-02	4.291453e-01	9.247503e-19
-1.770000e-01	3.507400e-01	1.938400e-18	-3.233151e-01	2.770200e-01	1.386087e-18
-1.770000e-01	3.507400e-01	1.938400e-18	-1.330378e-01	2.383167e-01	1.503281e-18
-1.770000e-01	3.507400e-01	1.938400e-18	-3.142394e-01	3.632028e-01	9.442444e-19
-1.770000e-01	3.507400e-01	1.938400e-18	-2.634454e-01	3.734639e-01	5.673520e-19
-1.770000e-01	3.507400e-01	1.938400e-18	-7.629232e-02	3.217181e-01	1.177241e-18
-1.770000e-01	3.507400e-01	1.938400e-18	-2.098437e-01	2.742704e-01	6.250492e-19
-1.770000e-01	3.507400e-01	1.938400e-18	-9.297422e-02	3.387635e-01	1.061645e-18
-1.770000e-01	3.507400e-01	1.938400e-18	-6.682935e-02	2.619133e-01	6.361748e-19
-1.770000e-01	3.507400e-01	1.938400e-18	-3.276743e-01	3.263976e-01	1.238276e-18
-1.770000e-01	3.507400e-01	1.938400e-18	-2.667686e-02	3.758628e-01	1.504975e-18
-1.770000e-01	3.507400e-01	1.938400e-18	-9.845712e-02	3.297183e-01	1.092803e-18
-1.770000e-01	3.507400e-01	1.938400e-18	-1.733824e-01	3.365677e-01	9.874323e-19
-1.770000e-01	3.507400e-01	1.938400e-18	-2.738074e-01	2.565811e-01	9.297566e-19
-1.770000e-01	3.507400e-01	1.938400e-18	-3.132041e-01	4.080055e-01	8.477439e-19
-1.770000e-01	3.507400e-01	1.938400e-18	-8.393933e-02	3.912469e-01	7.897523e-19
-1.770000e-01	3.507400e-01	1.938400e-18	-1.130294e-01	2.572288e-01	8.775057e-19
-1.770000e-01	3.507400e-01	1.938400e-18	-1.509964e-01	2.775068e-01	1.523442e-18
-1.770000e-01	3.507400e-01	1.938400e-18	-1.731255e-01	4.045998e-01	6.159802e-19
-1.770000e-01	3.507400e-01	1.938400e-18	-1.107176e-01	3.770964e-01	1.217278e-18
-1.770000e-01	3.507400e-01	1.938400e-18	-2.206258e-01	3.479848e-01	9.922367e-19
-1.770000e-01	3.507400e-01	1.938400e-18	-4.356864e-02	4.321976e-01	1.497418e-18
-1.770000e-01	3.507400e-01	1.938400e-18	-2.438722e-01	3.284983e-01	1.578153e-18
-1.770000e-01	3.507400e-01	1.938400e-18	-1.535052e-01	3.641949e-01	1.472063e-18
-1.770000e-01	3.507400e-01	1.938400e-18	-1.459968e-01	2.489213e-01	9.988918e-19
-1.770000e-01	3.507400e-01	1.938400e-18	-2.085815e-01	2.839366e-01	1.288786e-18
-1.770000e-01	3.507400e-01	1.938400e-18	-2.060075e-01	2.509116e-01	1.191892e-18
-1.770000e-01	3.507400e-01	1.938400e-18	-2.180085e-01	2.167286e-01	7.278463e-19
-1.770000e-01	3.507400e-01	1.938400e-18	-1.135365e-01	2.354727e-01	1.051628e-18
-1.770000e-01	3.507400e-01	1.938400e-18	-5.928432e-02	2.442056e-01	1.001732e-18
-1.770000e-01	3.507400e-01	1.938400e-18	-3.315246e-01	2.279107e-01	1.369098e-18
-1.770000e-01	3.507400e-01	1.938400e-18	-2.479388e-01	3.361782e-01	6.181683e-19
-1.770000e-01	3.507400e-01	1.938400e-18	-3.169842e-01	3.552234e-01	1.390517e-18
-1.770000e-01	3.507400e-01	1.938400e-18	-3.074610e-01	2.372074e-01	5.955012e-19
-1.770000e-01	3.507400e-01	1.938400e-18	-9.785722e-02	3.811816e-01	7.758651e-19
-1.770000e-01	3.507400e-01	1.938400e-18	-1.837104e-01	2.514339e-01	6.224540e-19
-1.770000e-01	3.507400e-01	1.938400e-18	-3.526392e-02	4.059062e-01	1.042535e-18
-1.770000e-01	3.507400e-01	1.938400e-18	-3.234012e-01	3.640675e-01	1.247240e-18
-1.770000e-01	3.507400e-01	1.938400e-18	-1.419094e-01	3.895911e-01	1.165919e-18
-1.770000e-01	3.507400e-01	1.938400e-18	-6.375788e-02	3.543174e-01	6.981764e-19
-1.770000e-01	3.507400e-01	1.938400e-18	-4.300667e-02	4.064406e-01	7.337873e-19
-1.770000e-01	3.507400e-01	1.938400e-18	-9.582273e-02	2.241127e-01	1.262182e-18
-1.770000e-01	3.507400e-01	1.938400e-18	-2.794489e-01	2.753178e-01	1.218255e-18
-1.770000e-01	3.507400e-01	1.938400e-18	-3.263865e-01	2.948847e-01	7.599090e-19
-1.770000e-01	3.507400e-01	1.938400e-18	-3.224497e-01	3.831768e-01	1.135556e-18
-1.770000e-01	3.507400e-01	1.938400e-18	-3.384976e-01	3.271322e-01	6.614718e-19
-1.770000e-01	3.507400e-01	1.938400e-18	-3.099995e-01	2.725987e-01	1.010856e-18
-1.770000e-01	3.507400e-01	1.938400e-18	-2.765236e-01	3.413185e-01	1.149921e-18
-1.770000e-01	3.507400e-01	1.938400e-18	-6.944355e-02	2.106867e-01	1.058598e-18
-1.770000e-01	3.507400e-01	1.938400e-18	-4.606445e-02	2.990815e-01	7.235131e-19
-1.770000e-01	3.507400e-01	1.938400e-18	-1.340159e-01	2.557079e-01	1.415523e-18
-1.770000e-01	3.507400e-01	1.938400e-18	-1.864412e-01	2.855415e-01	1.080759e-18
-1.770000e-01	3.507400e-01	1.938400e-18	-1.647341e-01	4.243754e-01	6.801491e-19
-1.770000e-01	3.507400e-01	1.938400e-18	-2.828356e-01	3.092347e-01	6.808768e-19
-1.770000e-01	3.507400e-01	1.938400e-18	-7.084269e-02	3.557344e-01	1.121419e-18
-1.770000e-01	3.507400e-01	1.938400e-18	-1.604210e-01	3.961493e-01	1.172861e-18
-1.770000e-01	3.507400e-01	1.938400e-18	-9.934909e-02	3.727968e-01	5.584190e-19
-1.770000e-01	3.507400e-01	1.938400e-18	-7.853075e-02	3.183684e-01	1.186694e-18
-1.770000e-01	3.507400e-01	1.938400e-18	-1.529049e-01	2.445738e-01	6.604181e-19
-1.770000e-01	3.507400e-01	1.938400e-18	-2.848056e-01	3.220974e-01	1.575969e-18
-1.770000e-01	3.507400e-01	1.938400e-18	-3.106471e-01	2.312769e-01	1.505284e-18
-1.770000e-01	3.507400e-01	1.938400e-18	-2.230668e-01	3.552861e-01	1.021330e-18
-1.770000e-01	3.507400e-01	1.938400e-18	-2.755118e-01	2.616818e-01	1.370145e-18
-1.770000e-01	3.507400e-01	1.938400e-18	-1.904655e-01	2.374397e-01	1.147978e-18
-1.770000e-01	3.507400e-01	1.938400e-18	-9.353274e-02	3.679962e-01	8.345494e-19
-1.770000e-01	3.507400e-01	1.938400e-18	-3.209507e-01	2.285429e-01	1.048518e-18
-1.770000e-01	3.507400e-01	1.938400e-18	-1.378242e-01	3.090609e-01	6.544188e-19
-1.770000e-01	3.507400e-01	1.938400e-18	-2.660497e-01	4.270535e-01	1.066435e-18
-1.770000e-01	3.507400e-01	1.938400e-18	-4.313681e-02	2.277800e-01	1.563481e-18
-1.770000e-01	3.507400e-01	1.938400e-18	-3.077238e-01	3.494620e-01	1.542920e-18
-1.770000e-01	3.507400e-01	1.938400e-18	-5.408764e-02	3.065543e-01	1.311734e-18
-1.770000e-01	3.507400e-01	1.938400e-18	-1.643061e-01	2.337018e-01	1.014692e-18
-1.770000e-01	3.507400e-01	1.938400e-18	-1.252807e-01	2.408470e-01	7.881033e-19
-1.770000e-01	3.507400e-01	1.938400e-18	-8.813599e-02	3.540170e-01	1.287238e-18
-1.770000e-01	3.507400e-01	1.938400e-18	-9.974765e-02	3.600574e-01	1.507421e-18
-1.770000e-01	3.507400e-01	1.938400e-18	-4.581125e-02	4.287815e-01	9.193952e-19
-1.770000e-01	3.507400e-01	1.938400e-18	-2.887441e-01	3.948153e-01	8.957698e-19
-1.770000e-01	3.507400e-01	1.938400e-18	-2.595475e-01	3.103780e-01	9.489787e-19
-1.770000e-01	3.507400e-01	1.938400e-18	-2.713934e-01	4.073431e-01	1.540272e-18
-1.770000e-01	3.507400e-01	1.938400e-18	-2.615307e-01	2.464222e-01	7.264955e-19
-1.770000e-01	3.507400e-01	1.938400e-18	-2.955779e-01	3.562939e-01	1.024242e-18
-1.770000e-01	3.507400e-01	1.938400e-18	-1.487590e-01	3.191152e-01	5.373643e-19
-1.770000e-01	3.507400e-01	1.938400e-18	-2.413108e-01	2.145929e-01	6.764125e-19
-1.770000e-01	3.507400e-01	1.938400e-18	-1.900808e-01	2.256908e-01	1.397501e-18
-1.770000e-01	3.507400e-01	1.938400e-18	-9.883301e-02	2.420653e-01	1.246192e-18
-1.770000e-01	3.507400e-01	1.938400e-18	-2.281537e-01	2.715976e-01	7.762324e-19
-1.770000e-01	3.507400e-01	1.938400e-18	-1.409425e-01	2.956039e-01	7.786865e-19
-1.770000e-01	3.507400e-01	1.938400e-18	-3.161748e-01	3.084833e-01	1.561341e-18
-1.770000e-01	3.507400e-01	1.938400e-18	-2.271800e-01	2.551844e-01	1.041012e-18
-1.770000e-01	3.507400e-01	1.938400e-18	-2.086048e-01	4.042463e-01	1.252644e-18
-1.770000e-01	3.507400e-01	1.938400e-18	-2.883994e-01	2.836779e-01	1.512596e-18
-1.770000e-01	3.507400e-01	1.938400e-18	-3.039201e-01	2.763602e-01	1.481442e-18
-1.770000e-01	3.507400e-01	1.938400e-18	-3.705738e-02	3.951990e-01	1.555749e-18
-1.770000e-01	3.507400e-01	1.938400e-18	-4.921801e-02	2.958691e-01	9.550912e-19
-1.770000e-01	3.507400e-01	1.938400e-18	-2.079045e-01	4.206566e-01	1.116589e-18
-1.770000e-01	3.507400e-01	1.938400e-18	-1.795404e-01	4.028072e-01	1.020060e-18
-1.770000e-01	3.507400e-01	1.938400e-18	-3.100081e-02	3.247930e-01	7.082589e-19
-1.770000e-01	3.507400e-01	1.938400e-18	-8.348558e-02	2.099145e-01	1.442344e-18
-1.770000e-01	3.507400e-01	1.938400e-18	-1.909701e-01	2.981759e-01	1.035909e-18
-1.770000e-01	3.507400e-01	1.938400e-18	-2.657892e-01	3.041742e-01	7.033637e-19
-1.770000e-01	3.507400e-01	1.938400e-18	-3.273610e-01	4.273815e-01	1.365349e-18
-1.770000e-01	3.507400e-01	1.938400e-18	-1.738730e-01	2.539685e-01	8.256509e-19
-1.770000e-01	3.507400e-01	1.938400e-18	-8.143142e-02	4.080842e-01	9.266766e-19
-1.770000e-01	3.507400e-01	1.938400e-18	-3.023956e-01	3.180398e-01	8.964131e-19
-1.770000e-01	3.507400e-01	1.938400e-18	-1.441691e-01	3.736325e-01	9.356400e-19
-1.770000e-01	3.507400e-01	1.938400e-18	-2.941655e-01	3.023422e-01	1.321556e-18
-1.770000e-01	3.507400e-01	1.938400e-18	-3.281193e-01	2.808861e-01	1.382189e-18
-1.770000e-01	3.507400e-01	1.938400e-18	-3.390717e-01	3.498384e-01	7.295408e-19
-1.770000e-01	3.507400e-01	1.938400e-18	-4.137239e-02	3.083780e-01	5.468220e-19
-1.770000e-01	3.507400e-01	1.938400e-18	-5.320026e-02	3.120315e-01	6.881849e-19
-1.770000e-01	3.507400e-01	1.938400e-18	-1.294468e-01	3.930222e-01	1.160204e-18
-1.770000e-01	3.507400e-01	1.938400e-18	-2.646735e-01	3.014871e-01	8.326620e-19
-1.770000e-01	3.507400e-01	1.938400e-18	-1.131325e-01	2.392456e-01	6.499907e-19
-1.770000e-01	3.507400e-01	1.938400e-18	-2.472073e-01	3.919374e-01	1.094750e-18
-1.770000e-01	3.507400e-01	1.938400e-18	-2.654967e-01	2.195308e-01	1.003996e-18
-1.770000e-01	3.507400e-01	1.938400e-18	-2.516158e-01	3.744855e-01	1.022485e-18
-1.770000e-01	3.507400e-01	1.938400e-18	-5.521363e-02	4.138241e-01	1.469903e-18
-1.770000e-01	3.507400e-01	1.938400e-18	-1.752806e-01	4.108238e-01	1.479592e-18
-1.770000e-01	3.507400e-01	1.938400e-18	-1.279872e-01	2.732881e-01	1.367035e-18
-1.770000e-01	3.507400e-01	1.938400e-18	-7.259483e-02	2.453266e-01	1.222961e-18
-1.770000e-01	3.507400e-01	1.938400e-18	-2.734820e-01	3.454671e-01	1.360069e-18
-1.770000e-01	3.507400e-01	1.938400e-18	-2.524788e-01	2.505690e-01	9.784576e-19
-1.770000e-01	3.507400e-01	1.938400e-18	-2.166478e-01	3.467612e-01	8.280273e-19
-1.770000e-01	3.507400e-01	1.938400e-18	-4.069682e-02	3.526632e-01	9.732620e-19
-1.770000e-01	3.507400e-01	1.938400e-18	-4.728386e-02	4.226553e-01	5.786458e-19
-1.770000e-01	3.507400e-01	1.938400e-18	-6.986498e-02	2.560813e-01	9.539239e-19
-1.770000e-01	3.507400e-01	1.938400e-18	-3.376411e-01	4.317228e-01	1.538344e-18
-1.770000e-01	3.507400e-01	1.938400e-18	-3.228793e-01	2.448946e-01	5.536823e-19
-1.770000e-01	3.507400e-01	1.938400e-18	-8.092334e-02	3.472745e-01	1.221273e-18
-1.770000e-01	3.507400e-01	1.938400e-18	-3.202944e-01	2.638168e-01	6.965927e-19
-1.770000e-01	3.507400e-01	1.938400e-18	-7.715514e-02	3.304234e-01	1.370356e-18
-1.770000e-01	3.507400e-01	1.938400e-18	-2.636118e-01	4.304639e-01	1.347447e-18
-1.770000e-01	3.507400e-01	1.938400e-18	-3.112064e-01	2.297226e-01	1.381412e-18
-1.770000e-01	3.507400e-01	1.938400e-18	-9.328633e-02	4.276053e-01	5.875345e-19
-1.770000e-01	3.507400e-01	1.938400e-18	-1.123220e-01	2.346362e-01	8.189581e-19
-1.770000e-01	3.507400e-01	1.938400e-18	-2.465584e-01	2.916076e-01	1.588487e-18
-1.770000e-01	3.507400e-01	1.938400e-18	-1.071167e-01	3.266193e-01	1.000065e-18
-1.770000e-01	3.507400e-01	1.938400e-18	-3.085710e-01	3.796761e-01	6.240203e-19
-1.770000e-01	3.507400e-01	1.938400e-18	-1.202046e-01	3.354653e-01	1.145460e-18
-1.770000e-01	3.507400e-01	1.938400e-18	-2.342598e-01	4.146683e-01	1.071145e-18
-1.770000e-01	3.507400e-01	1.938400e-18	-5.573880e-02	4.188897e-01	1.456143e-18
-1.770000e-01	3.507400e-01	1.938400e-18	-2.956340e-01	3.052062e-01	8.990141e-19
-1.770000e-01	3.507400e-01	1.938400e-18	-2.797743e-02	2.315564e-01	1.196681e-18
-1.770000e-01	3.507400e-01	1.938400e-18	-1.584568e-01	3.314533e-01	1.454108e-18
-1.770000e-01	3.507400e-01	1.938400e-18	-3.318843e-01	3.351048e-01	1.062344e-18
-1.770000e-01	3.507400e-01	1.938400e-18	-2.817476e-01	3.773470e-01	1.099602e-18
-1.770000e-01	3.507400e-01	1.938400e-18	-1.357112e-01	2.963979e-01	1.551477e-18
-1.770000e-01	3.507400e-01	1.938400e-18	-2.598438e-01	2.862576e-01	1.590624e-18
-1.770000e-01	3.507400e-01	1.938400e-18	-1.276773e-01	4.056564e-01	1.073020e-18
-1.770000e-01	3.507400e-01	1.938400e-18	-2.506675e-01	4.107074e-01	7.923968e-19
-1.770000e-01	3.507400e-01	1.938400e-18	-1.074942e-01	3.529705e-01	1.142870e-18
-1.770000e-01	3.507400e-01	1.938400e-18	-9.514705e-02	2.416889e-01	8.914390e-19
-1.770000e-01	3.507400e-01	1.938400e-18	-2.693398e-01	4.160663e-01	1.000490e-18
-1.770000e-01	3.507400e-01	1.938400e-18	-7.945647e-02	2.736087e-01	7.402038e-19
-1.770000e-01	3.507400e-01	1.938400e-18	-1.209560e-01	4.180175e-01	9.915206e-19
-1.770000e-01	3.507400e-01	1.938400e-18	-1.868093e-01	2.679593e-01	9.735250e-19
-1.770000e-01	3.507400e-01	1.938400e-18	-3.197623e-01	3.117187e-01	1.484882e-18
-1.770000e-01	3.507400e-01	1.938400e-18	-1.527325e-01	3.649544e-01	1.251065e-18
-1.770000e-01	3.507400e-01	1.938400e-18	-1.821502e-01	4.331299e-01	8.042471e-19
-1.770000e-01	3.507400e-01	1.938400e-18	-1.421659e-01	2.805547e-01	1.134305e-18
-1.770000e-01	3.507400e-01	1.938400e-18	-1.950622e-01	2.823126e-01	1.304209e-18
-1.770000e-01	3.507400e-01	1.938400e-18	-3.352186e-01	2.360623e-01	6.538619e-19
-1.770000e-01	3.507400e-01	1.938400e-18	-2.520671e-01	3.285589e-01	5.615241e-19
-1.770000e-01	3.507400e-01	1.938400e-18	-1.256175e-01	3.489972e-01	1.501216e-18
-1.770000e-01	3.507400e-01	1.938400e-18	-1.531765e-01	3.672598e-01	1.151880e-18
-1.770000e-01	3.507400e-01	1.938400e-18	-2.344807e-01	4.151059e-01	1.201044e-18
-1.770000e-01	3.507400e-01	1.938400e-18	-2.308772e-01	4.318411e-01	9.375207e-19
-1.770000e-01	3.507400e-01	1.938400e-18	-1.485030e-01	4.205644e-01	1.571733e-18
-1.770000e-01	3.507400e-01	1.938400e-18	-2.559207e-01	2.902203e-01	7.690448e-19
-1.770000e-01	3.507400e-01	1.938400e-18	-1.036420e-01	2.706277e-01	1.527766e-18
-1.770000e-01	3.507400e-01	1.938400e-18	-2.444084e-01	3.925188e-01	8.355682e-19
-1.770000e-01	3.507400e-01	1.938400e-18	-1.920993e-01	3.482415e-01	1.439754e-18
-1.770000e-01	3.507400e-01	1.938400e-18	-2.425213e-01	3.572150e-01	7.851038e-19
-1.770000e-01	3.507400e-01	1.938400e-18	-1.710661e-01	4.159523e-01	1.013880e-18
-1.770000e-01	3.507400e-01	1.938400e-18	-5.257074e-02	3.461723e-01	5.966743e-19
-1.770000e-01	3.507400e-01	1.938400e-18	-9.479799e-02	3.341729e-01	1.200017e-18
-1.770000e-01	3.507400e-01	1.938400e-18	-2.554308e-01	4.048660e-01	1.482731e-18
-1.770000e-01	3.507400e-01	1.938400e-18	-2.960442e-01	4.184856e-01	1.313766e-18
-1.770000e-01	3.507400e-01	1.938400e-18	-3.004075e-01	4.195832e-01	7.065760e-19
-1.770000e-01	3.507400e-01	1.938400e-18	-1.785593e-01	4.001787e-01	1.199294e-18
-1.770000e-01	3.507400e-01	1.938400e-18	-1.776065e-01	4.021350e-01	1.257476e-18
-1.770000e-01	3.507400e-01	1.938400e-18	-2.460375e-01	3.763082e-01	1.377427e-18
-1.770000e-01	3.507400e-01	1.938400e-18	-3.506572e-02	3.358484e-01	7.151539e-19
-1.770000e-01	3.507400e-01	1.938400e-18	-1.371198e-01	3.307480e-01	1.325796e-18
-1.770000e-01	3.507400e-01	1.938400e-18	-2.022018e-01	3.228623e-01	6.424157e-19
-1.770000e-01	3.507400e-01	1.938400e-18	-2.080076e-01	2.207449e-01	1.205476e-18
-1.770000e-01	3.507400e-01	1.938400e-18	-1.820214e-01	4.168629e-01	8.124942e-19
-1.770000e-01	3.507400e-01	1.938400e-18	-2.545664e-01	3.326100e-01	1.118056e-18
-1.770000e-01	3.507400e-01	1.938400e-18	-3.206522e-01	3.166325e-01	1.451187e-18
-1.770000e-01	3.507400e-01	1.938400e-18	-2.546969e-01	2.722630e-01	5.717922e-19
-1.770000e-01	3.507400e-01	1.938400e-18	-1.893712e-01	3.947317e-01	1.214143e-18
-1.770000e-01	3.507400e-01	1.938400e-18	-3.269178e-01	4.134840e-01	1.522170e-18
-1.770000e-01	3.507400e-01	1.938400e-18	-1.885670e-01	3.602216e-01	1.088057e-18
-1.770000e-01	3.507400e-01	1.938400e-18	-1.292567e-01	4.127139e-01	9.554724e-19
-1.770000e-01	3.507400e-01	1.938400e-18	-2.044952e-01	3.988262e-01	5.950741e-19
-1.770000e-01	3.507400e-01	1.938400e-18	-3.021499e-01	2.647087e-01	1.448479e-18
-1.770000e-01	3.507400e-01	1.938400e-18	-3.394408e-01	2.567832e-01	6.703236e-19
-1.770000e-01	3.507400e-01	1.938400e-18	-2.286184e-01	3.446317e-01	6.836004e-19
-1.770000e-01	3.507400e-01	1.938400e-18	-3.011691e-01	4.247290e-01	1.183214e-18
-1.770000e-01	3.507400e-01	1.938400e-18	-6.337275e-02	3.333089e-01	1.267871e-18
-1.770000e-01	3.507400e-01	1.938400e-18	-3.412812e-02	3.222357e-01	8.730110e-19
-1.770000e-01	3.507400e-01	1.938400e-18	-2.761656e-01	2.326558e-01	7.143419e-19
-1.770000e-01	3.507400e-01	1.938400e-18	-2.146720e-01	3.703181e-01	9.940657e-19
-1.770000e-01	3.507400e-01	1.938400e-18	-3.783970e-02	3.474169e-01	1.294209e-18
-1.770000e-01	3.507400e-01	1.938400e-18	-1.101024e-01	4.209950e-01	1.317216e-18
-1.770000e-01	3.507400e-01	1.938400e-18	-6.170482e-02	2.713806e-01	1.465218e-18
-1.770000e-01	3.507400e-01	1.938400e-18	-2.986748e-01	3.289318e-01	8.305492e-19
-1.770000e-01	3.507400e-01	1.938400e-18	-3.018981e-01	3.566744e-01	1.610398e-18
-1.770000e-01	3.507400e-01	1.938400e-18	-1.694611e-01	2.095803e-01	1.477067e-18
-1.770000e-01	3.507400e-01	1.938400e-18	-1.663260e-01	2.928572e-01	1.107241e-18
-1.770000e-01	3.507400e-01	1.938400e-18	-1.429009e-01	2.451173e-01	6.172473e-19
-1.770000e-01	3.507400e-01	1.938400e-18	-1.907902e-01	2.658859e-01	9.653611e-19
-1.770000e-01	3.507400e-01	1.938400e-18	-5.246697e-02	3.898009e-01	8.920008e-19
-1.770000e-01	3.507400e-01	1.938400e-18	-2.511378e-01	4.366038e-01	1.270546e-18
-1.770000e-01	3.507400e-01	1.938400e-18	-1.414624e-01	3.941862e-01	1.179999e-18
-1.770000e-01	3.507400e-01	1.938400e-18	-8.309465e-02	2.130269e-01	7.003607e-19
-1.770000e-01	3.507400e-01	1.938400e-18	-3.340538e-01	4.018513e-01	1.580688e-18
-1.770000e-01	3.507400e-01	1.938400e-18	-3.619838e-02	3.399349e-01	1.168626e-18
-1.770000e-01	3.507400e-01	1.938400e-18	-3.310380e-01	3.514204e-01	9.749790e-19
-1.770000e-01	3.507400e-01	1.938400e-18	-1.791622e-01	3.122601e-01	1.166972e-18
-1.770000e-01	3.507400e-01	1.938400e-18	-1.466516e-01	3.166883e-01	7.164167e-19
-1.770000e-01	3.507400e-01	1.938400e-18	-3.341153e-01	4.371307e-01	1.446887e-18
-1.770000e-01	3.507400e-01	1.938400e-18	-3.278961e-01	4.176029e-01	1.262448e-18
-1.770000e-01	3.507400e-01	1.938400e-18	-1.674562e-01	3.657784e-01	1.087575e-18
-1.770000e-01	3.507400e-01	1.938400e-18	-1.068582e-01	2.934478e-01	1.600185e-18
-1.770000e-01	3.507400e-01	1.938400e-18	-2.513018e-02	3.970405e-01	1.308696e-18
-1.770000e-01	3.507400e-01	1.938400e-18	-1.049897e-01	3.101096e-01	1.173030e-18
-1.770000e-01	3.507400e-01	1.938400e-18	-1.494835e-01	4.129940e-01	1.273389e-18
-1.770000e-01	3.507400e-01	1.938400e-18	-2.115138e-01	2.444083e-01	1.569190e-18
-1.770000e-01	3.507400e-01	1.938400e-18	-2.195073e-01	2.599130e-01	9.160455e-19
-1.770000e-01	3.507400e-01	1.938400e-18	-1.197416e-01	3.790606e-01	9.082632e-19
-1.770000e-01	3.507400e-01	1.938400e-18	-1.144283e-01	3.163663e-01	1.295913e-18
-1.770000e-01	3.507400e-01	1.938400e-18	-5.848029e-02	3.855804e-01	6.780312e-19
-1.770000e-01	3.507400e-01	1.938400e-18	-2.869319e-01	2.108049e-01	6.034672e-19
-1.770000e-01	3.507400e-01	1.938400e-18	-1.996287e-01	3.030619e-01	1.017437e-18
-1.770000e-01	3.507400e-01	1.938400e-18	-2.503619e-01	2.468913e-01	1.059974e-18
-1.770000e-01	3.507400e-01	1.938400e-18	-2.859652e-01	3.126944e-01	1.582720e-18
-1.770000e-01	3.507400e-01	1.938400e-18	-2.397569e-01	2.911862e-01	1.343509e-18
-1.770000e-01	3.507400e-01	1.938400e-18	-2.190630e-01	2.991606e-01	1.212831e-18
-1.770000e-01	3.507400e-01	1.938400e-18	-1.690690e-01	3.978385e-01	6.394130e-19
-1.770000e-01	3.507400e-01	1.938400e-18	-1.024604e-01	4.118480e-01	1.455084e-18
-1.770000e-01	3.507400e-01	1.938400e-18	-1.541018e-01	2.575755e-01	1.520845e-18
-1.770000e-01	3.507400e-01	1.938400e-18	-1.403477e-01	2.671565e-01	1.408105e-18
-1.770000e-01	3.507400e-01	1.938400e-18	-2.570626e-01	2.162336e-01	9.276445e-19
-1.770000e-01	3.507400e-01	1.938400e-18	-3.308146e-01	2.787796e-01	1.414159e-18
-1.770000e-01	3.507400e-01	1.938400e-18	-1.611096e-01	2.137548e-01	1.283493e-18
-1.770000e-01	3.507400e-01	1.938400e-18	-9.708562e-02	3.623024e-01	1.194425e-18
-1.770000e-01	3.507400e-01	1.938400e-18	-9.135208e-02	3.440495e-01	1.545530e-18
-1.770000e-01	3.507400e-01	1.938400e-18	-1.962174e-01	2.853759e-01	9.110856e-19
-1.770000e-01	3.507400e-01	1.938400e-18	-2.489222e-01	2.725434e-01	1.419826e-18
-1.770000e-01	3.507400e-01	1.938400e-18	-3.008170e-01	3.137621e-01	9.038694e-19
-1.770000e-01	3.507400e-01	1.938400e-18	-3.349852e-01	2.731343e-01	1.394886e-18
-1.770000e-01	3.507400e-01	1.938400e-18	-7.332405e-02	3.006882e-01	1.052844e-18
-1.770000e-01	3.507400e-01	1.938400e-18	-2.226237e-01	3.070436e-01	5.803922e-19
-1.770000e-01	3.507400e-01	1.938400e-18	-2.304125e-01	2.226980e-01	9.690428e-19
-1.770000e-01	3.507400e-01	1.938400e-18	-3.028956e-01	3.187881e-01	1.095375e-18
-1.770000e-01	3.507400e-01	1.938400e-18	-4.468343e-02	2.710437e-01	5.416965e-19
-1.770000e-01	3.507400e-01	1.938400e-18	-2.624378e-01	3.308741e-01	1.574422e-18
-1.770000e-01	3.507400e-01	1.938400e-18	-7.047152e-02	2.846365e-01	9.832813e-19
-1.770000e-01	3.507400e-01	1.938400e-18	-1.857418e-01	2.438114e-01	1.387833e-18
-1.770000e-01	3.507400e-01	1.938400e-18	-1.235064e-01	2.827702e-01	9.813117e-19
-1.770000e-01	3.507400e-01	1.938400e-18	-2.724573e-01	2.368751e-01	1.097963e-18
-1.770000e-01	3.507400e-01	1.938400e-18	-4.234485e-02	3.570402e-01	5.592257e-19
-1.770000e-01	3.507400e-01	1.938400e-18	-3.172908e-01	2.772736e-01	6.404679e-19
-1.770000e-01	3.507400e-01	1.938400e-18	-2.351956e-01	4.298972e-01	1.105630e-18
-1.770000e-01	3.507400e-01	1.938400e-18	-8.299353e-02	2.399005e-01	1.597148e-18
-1.770000e-01	3.507400e-01	1.938400e-18	-2.992682e-01	3.013039e-01	1.383504e-18
-1.770000e-01	3.507400e-01	1.938400e-18	-4.957365e-02	4.322640e-01	1.079173e-18
-1.770000e-01	3.507400e-01	1.938400e-18	-2.358854e-01	3.375157e-01	1.254881e-18
-1.770000e-01	3.507400e-01	1.938400e-18	-2.034613e-01	3.835749e-01	1.078143e-18
-1.770000e-01	3.507400e-01	1.938400e-18	-2.102461e-01	3.814833e-01	1.364576e-18
-1.770000e-01	3.507400e-01	1.938400e-18	-1.423826e-01	3.576539e-01	1.445982e-18
-1.770000e-01	3.507400e-01	1.938400e-18	-7.314260e-02	2.761450e-01	1.028493e-18
-1.770000e-01	3.507400e-01	1.938400e-18	-2.865767e-01	2.405196e-01	1.317986e-18
-1.770000e-01	3.507400e-01	1.938400e-18	-3.043566e-01	2.439967e-01	7.557623e-19
-1.770000e-01	3.507400e-01	1.938400e-18	-1.923712e-01	2.831408e-01	1.356973e-18
-1.770000e-01	3.507400e-01	1.938400e-18	-1.883513e-01	2.386115e-01	9.177752e-19
-1.770000e-01	3.507400e-01	1.938400e-18	-8.211989e-02	2.307935e-01	1.490167e-18
-1.770000e-01	3.507400e-01	1.938400e-18	-2.786119e-01	3.581251e-01	1.224689e-18
-1.770000e-01	3.507400e-01	1.938400e-18	-2.640927e-01	2.970888e-01	1.071851e-18
-1.770000e-01	3.507400e-01	1.938400e-18	-7.286458e-02	2.740571e-01	9.707947e-19
-1.770000e-01	3.507400e-01	1.938400e-18	-1.941643e-01	2.103373e-01	1.208118e-18
-1.770000e-01	3.507400e-01	1.938400e-18	-2.112601e-01	2.140672e-01	6.094111e-19
-1.770000e-01	3.507400e-01	1.938400e-18	-3.356547e-01	4.354815e-01	1.554400e-18
-1.770000e-01	3.507400e-01	1.938400e-18	-3.320783e-01	2.708223e-01	1.110440e-18
-1.770000e-01	3.507400e-01	1.938400e-18	-9.122808e-02	3.379168e-01	5.431576e-19
-1.770000e-01	3.507400e-01	1.938400e-18	-7.531283e-02	2.325444e-01	1.535983e-18
-1.770000e-01	3.507400e-01	1.938400e-18	-2.144286e-01	4.165564e-01	7.950339e-19
-1.770000e-01	3.507400e-01	1.938400e-18	-9.473024e-02	4.095829e-01	1.227389e-18
-1.770000e-01	3.507400e-01	1.938400e-18	-1.080519e-01	3.144194e-01	1.294923e-18
-1.770000e-01	3.507400e-01	1.938400e-18	-3.070668e-01	4.062592e-01	1.456681e-18
-1.770000e-01	3.507400e-01	1.938400e-18	-1.615697e-01	3.427261e-01	7.514782e-19
-1.770000e-01	3.507400e-01	1.938400e-18	-1.984175e-01	2.466936e-01	1.506714e-18
-1.770000e-01	3.507400e-01	1.938400e-18	-3.607441e-02	3.088571e-01	9.016371e-19
-1.770000e-01	3.507400e-01	1.938400e-18	-8.970773e-02	3.425034e-01	7.367380e-19
-1.770000e-01	3.507400e-01	1.938400e-18	-1.514515e-01	2.317912e-01	1.189600e-18
-1.770000e-01	3.507400e-01	1.938400e-18	-1.999656e-01	2.778328e-01	1.489058e-18
-1.770000e-01	3.507400e-01	1.938400e-18	-1.450940e-01	2.217176e-01	1.282742e-18
-1.770000e-01	3.507400e-01	1.938400e-18	-9.398292e-02	2.685951e-01	1.046724e-18
-1.770000e-01	3.507400e-01	1.938400e-18	-2.649648e-01	2.456856e-01	9.007071e-19
-1.770000e-01	3.507400e-01	1.938400e-18	-4.880734e-02	3.037214e-01	8.977364e-19
-1.770000e-01	3.507400e-01	1.938400e-18	-2.370553e-01	4.374169e-01	1.339293e-18
-1.770000e-01	3.507400e-01	1.938400e-18	-3.210172e-02	2.945165e-01	1.025598e-18
-1.770000e-01	3.507400e-01	1.938400e-18	-1.954518e-01	2.494354e-01	9.616930e-19
-1.770000e-01	3.507400e-01	1.938400e-18	-1.367937e-01	3.894383e-01	1.298569e-18
-1.770000e-01	3.507400e-01	1.938400e-18	-3.282422e-02	4.283129e-01	1.371412e-18
-1.770000e-01	3.507400e-01	1.938400e-18	-2.153996e-01	2.508577e-01	1.272245e-18
-1.770000e-01	3.507400e-01	1.938400e-18	-8.618797e-02	4.222460e-01	1.063125e-18
-1.770000e-01	3.507400e-01	1.938400e-18	-1.336107e-01	2.531200e-01	8.511971e-19
-1.770000e-01	3.507400e-01	1.938400e-18	-1.139671e-01	2.186269e-01	5.918552e-19
-1.770000e-01	3.507400e-01	1.938400e-18	-1.395836e-01	2.377493e-01	1.254635e-18
-1.770000e-01	3.507400e-01	1.938400e-18	-2.866658e-02	3.512012e-01	1.034148e-18
-1.770000e-01	3.507400e-01	1.938400e-18	-3.093202e-01	2.338663e-01	8.646917e-19
-1.770000e-01	3.507400e-01	1.938400e-18	-1.797193e-01	3.716520e-01	9.828857e-19
-1.770000e-01	3.507400e-01	1.938400e-18	-1.312431e-01	4.131786e-01	1.606793e-18
-1.770000e-01	3.507400e-01	1.938400e-18	-3.330666e-01	4.171351e-01	1.005795e-18
-1.770000e-01	3.507400e-01	1.938400e-18	-1.347441e-01	3.661660e-01	9.661230e-19
-1.770000e-01	3.507400e-01	1.938400e-18	-8.535127e-02	3.193748e-01	1.157743e-18
-1.770000e-01	3.507400e-01	1.938400e-18	-2.625224e-01	3.985954e-01	6.258036e-19
-1.770000e-01	3.507400e-01	1.938400e-18	-2.668678e-01	3.211092e-01	1.572088e-18
-1.770000e-01	3.507400e-01	1.938400e-18	-1.170028e-01	3.755179e-01	5.844780e-19
-1.770000e-01	3.507400e-01	1.938400e-18	-5.552110e-02	4.338747e-01	1.396003e-18
-1.770000e-01	3.507400e-01	1.938400e-18	-2.279391e-01	2.976597e-01	9.023537e-19
-1.770000e-01	3.507400e-01	1.938400e-18	-4.271049e-02	4.146222e-01	9.809097e-19
-1.770000e-01	3.507400e-01	1.938400e-18	-1.051899e-01	3.510788e-01	9.132830e-19
-1.770000e-01	3.507400e-01	1.938400e-18	-3.306127e-01	3.967774e-01	1.491142e-18
-1.770000e-01	3.507400e-01	1.938400e-18	-2.968067e-01	3.068253e-01	1.519810e-18
-1.770000e-01	3.507400e-01	1.938400e-18	-1.779885e-01	2.144903e-01	5.933036e-19
-1.770000e-01	3.507400e-01	1.938400e-18	-3.288637e-01	2.168955e-01	1.443135e-18
-1.770000e-01	3.507400e-01	1.938400e-18	-1.963644e-01	3.389612e-01	7.983940e-19
-1.770000e-01	3.507400e-01	1.938400e-18	-2.945640e-01	3.053871e-01	1.531167e-18
-1.770000e-01	3.507400e-01	1.938400e-18	-3.678938e-02	4.019722e-01	1.612358e-18
-1.770000e-01	3.507400e-01	1.938400e-18	-3.300809e-01	3.276913e-01	6.335281e-19
-1.770000e-01	3.507400e-01	1.938400e-18	-2.641963e-01	4.281233e-01	9.959114e-19
-1.770000e-01	3.507400e-01	1.938400e-18	-3.215508e-01	3.712780e-01	7.728041e-19
-1.770000e-01	3.507400e-01	1.938400e-18	-1.301384e-01	3.545930e-01	5.754733e-19
-1.770000e-01	3.507400e-01	1.938400e-18	-3.142226e-01	3.344300e-01	1.195473e-18
-1.770000e-01	3.507400e-01	1.938400e-18	-4.781650e-02	2.263039e-01	1.237262e-18
-1.770000e-01	3.507400e-01	1.938400e-18	-1.501280e-01	2.402646e-01	1.139375e-18
-1.770000e-01	3.507400e-01	1.938400e-18	-3.212717e-01	2.332355e-01	9.930330e-19
-1.770000e-01	3.507400e-01	1.938400e-18	-2.048710e-01	2.952881e-01	8.807478e-19
-1.770000e-01	3.507400e-01	1.938400e-18	-6.005938e-02	2.563336e-01	1.435698e-18
-1.770000e-01	3.507400e-01	1.938400e-18	-2.924098e-01	2.600598e-01	1.154663e-18
-1.770000e-01	3.507400e-01	1.938400e-18	-1.178693e-01	3.671243e-01	7.379104e-19
-1.770000e-01	3.507400e-01	1.938400e-18	-1.926670e-01	2.265834e-01	1.148406e-18
-1.770000e-01	3.507400e-01	1.938400e-18	-2.170022e-01	3.256002e-01	1.131903e-18
-1.770000e-01	3.507400e-01	1.938400e-18	-3.370051e-01	2.580344e-01	8.372426e-19
-1.770000e-01	3.507400e-01	1.938400e-18	-3.036130e-01	3.149779e-01	6.320289e-19
-1.770000e-01	3.507400e-01	1.938400e-18	-2.620610e-01	3.161740e-01	9.501379e-19
-1.770000e-01	3.507400e-01	1.938400e-18	-3.050477e-01	2.381076e-01	6.919226e-19
-1.770000e-01	3.507400e-01	1.938400e-18	-3.102294e-01	3.017258e-01	9.679997e-19
-1.770000e-01	3.507400e-01	1.938400e-18	-2.467603e-01	2.833929e-01	6.039147e-19
-1.770000e-01	3.507400e-01	1.938400e-18	-2.996065e-01	3.385173e-01	1.012953e-18
-1.770000e-01	3.507400e-01	1.938400e-18	-1.869264e-01	3.870371e-01	6.273222e-19
-1.770000e-01	3.507400e-01	1.938400e-18	-2.173298e-01	2.520615e-01	1.116880e-18
-1.770000e-01	3.507400e-01	1.938400e-18	-2.894918e-01	2.737486e-01	1.279174e-18
-1.770000e-01	3.507400e-01	1.938400e-18	-2.333861e-01	2.674017e-01	5.841568e-19
-1.770000e-01	3.507400e-01	1.938400e-18	-2.600228e-01	3.609337e-01	7.652537e-19
-1.770000e-01	3.507400e-01	1.938400e-18	-1.393817e-01	2.225136e-01	1.136894e-18
-1.770000e-01	3.507400e-01	1.938400e-18	-1.159562e-01	2.209451e-01	1.210404e-18
-1.770000e-01	3.507400e-01	1.938400e-18	-1.391316e-01	3.235629e-01	6.711765e-19
-1.770000e-01	3.507400e-01	1.938400e-18	-8.807986e-02	2.573769e-01	1.548695e-18
-1.770000e-01	3.507400e-01	1.938400e-18	-1.364271e-01	4.012421e-01	1.345529e-18
-1.770000e-01	3.507400e-01	1.938400e-18	-2.070271e-01	2.190195e-01	7.359106e-19
-1.770000e-01	3.507400e-01	1.938400e-18	-2.322106e-01	2.643999e-01	7.179363e-19
-1.770000e-01	3.507400e-01	1.938400e-18	-2.028090e-01	4.266067e-01	1.513791e-18
-1.770000e-01	3.507400e-01	1.938400e-18	-2.730961e-01	3.853909e-01	7.831007e-19
-1.770000e-01	3.507400e-01	1.938400e-18	-8.918171e-02	3.517801e-01	1.158839e-18
-1.770000e-01	3.507400e-01	1.938400e-18	-1.045314e-01	3.683813e-01	1.319407e-18
-1.770000e-01	3.507400e-01	1.938400e-18	-2.804161e-01	4.362133e-01	1.275839e-18
-1.770000e-01	3.507400e-01	1.938400e-18	-2.249930e-01	3.177700e-01	1.203440e-18
-1.770000e-01	3.507400e-01	1.938400e-18	-2.257633e-01	2.840578e-01	8.837847e-19
-1.770000e-01	3.507400e-01	1.938400e-18	-4.677315e-02	4.143610e-01	6.216001e-19
-1.770000e-01	3.507400e-01	1.938400e-18	-2.785226e-02	4.182469e-01	1.109628e-18
-1.770000e-01	3.507400e-01	1.938400e-18	-1.166677e-01	3.352031e-01	1.032807e-18
-1.770000e-01	3.507400e-01	1.938400e-18	-2.713224e-01	3.442414e-01	6.344845e-19
-1.770000e-01	3.507400e-01	1.938400e-18	-3.221751e-01	4.011629e-01	8.599188e-19
-1.770000e-01	3.507400e-01	1.938400e-18	-1.830448e-01	4.088874e-01	1.376565e-18
-1.770000e-01	3.507400e-01	1.938400e-18	-1.520786e-01	2.330008e-01	9.068919e-19
-1.770000e-01	3.507400e-01	1.938400e-18	-2.748243e-01	3.725159e-01	6.195932e-19
-1.770000e-01	3.507400e-01	1.938400e-18	-7.909097e-02	4.051636e-01	1.528962e-18
-1.770000e-01	3.507400e-01	1.938400e-18	-7.037361e-02	3.829705e-01	7.712172e-19
-1.770000e-01	3.507400e-01	1.938400e-18	-1.966745e-01	3.001386e-01	8.453397e-19
-1.770000e-01	3.507400e-01	1.938400e-18	-3.243974e-02	3.974322e-01	6.465338e-19
-1.770000e-01	3.507400e-01	1.938400e-18	-2.318012e-01	3.803243e-01	1.414638e-18
-1.770000e-01	3.507400e-01	1.938400e-18	-2.247867e-01	4.023430e-01	1.380703e-18
-1.770000e-01	3.507400e-01	1.938400e-18	-2.472074e-02	2.523771e-01	1.037206e-18
-1.770000e-01	3.507400e-01	1.938400e-18	-1.348635e-01	4.215687e-01	6.075726e-19
-1.770000e-01	3.507400e-01	1.938400e-18	-1.801838e-01	2.959262e-01	9.291885e-19
-1.770000e-01	3.507400e-01	1.938400e-18	-2.214467e-01	2.962648e-01	1.580091e-18
-1.770000e-01	3.507400e-01	1.938400e-18	-4.826237e-02	3.862528e-01	1.044304e-18
-1.770000e-01	3.507400e-01	1.938400e-18	-1.306277e-01	3.881336e-01	1.458499e-18
-1.770000e-01	3.507400e-01	1.938400e-18	-2.931004e-01	3.882097e-01	9.228414e-19
-1.770000e-01	3.507400e-01	1.938400e-18	-1.173448e-01	3.778283e-01	1.393724e-18
-1.770000e-01	3.507400e-01	1.938400e-18	-3.192534e-01	2.110851e-01	1.502358e-18
-1.770000e-01	3.507400e-01	1.938400e-18	-1.443011e-01	2.500846e-01	8.489180e-19
-1.770000e-01	3.507400e-01	1.938400e-18	-6.877548e-02	3.505580e-01	7.466922e-19
-1.770000e-01	3.507400e-01	1.938400e-18	-3.898656e-02	2.158135e-01	1.542077e-18
-1.770000e-01	3.507400e-01	1.938400e-18	-2.052884e-01	3.742968e-01	1.050060e-18
-1.770000e-01	3.507400e-01	1.938400e-18	-3.045232e-01	3.819552e-01	7.011126e-19
-1.770000e-01	3.507400e-01	1.938400e-18	-7.379418e-02	4.084014e-01	1.084047e-18
-1.770000e-01	3.507400e-01	1.938400e-18	-2.934064e-01	2.356683e-01	1.096471e-18
-1.770000e-01	3.507400e-01	1.938400e-18	-1.438188e-01	3.249763e-01	6.485223e-19
-1.770000e-01	3.507400e-01	1.938400e-18	-4.205871e-02	2.133891e-01	1.044875e-18
-1.770000e-01	3.507400e-01	1.938400e-18	-2.882442e-01	2.595924e-01	1.322749e-18
-1.770000e-01	3.507400e-01	1.938400e-18	-3.473615e-02	2.874167e-01	5.480588e-19
-1.770000e-01	3.507400e-01	1.938400e-18	-6.628887e-02	3.606641e-01	1.411294e-18
-1.770000e-01	3.507400e-01	1.938400e-18	-2.651077e-01	2.886228e-01	7.530183e-19
-1.770000e-01	3.507400e-01	1.938400e-18	-2.489710e-01	2.136166e-01	1.188799e-18
-1.770000e-01	3.507400e-01	1.938400e-18	-1.473163e-01	3.129919e-01	9.402617e-19
-1.770000e-01	3.507400e-01	1.938400e-18	-8.569113e-02	4.314881e-01	1.174350e-18
-1.770000e-01	3.507400e-01	1.938400e-18	-2.630152e-01	3.207047e-01	1.564789e-18
-1.770000e-01	3.507400e-01	1.938400e-18	-2.104988e-01	3.095130e-01	1.076127e-18
-1.770000e-01	3.507400e-01	1.938400e-18	-2.054842e-01	3.072598e-01	1.266237e-18
-1.770000e-01	3.507400e-01	1.938400e-18	-2.495455e-01	3.689679e-01	5.625563e-19
-1.770000e-01	3.507400e-01	1.938400e-18	-3.258310e-01	2.349581e-01	1.429165e-18
-1.770000e-01	3.507400e-01	1.938400e-18	-1.206646e-01	4.097659e-01	9.214649e-19
-1.770000e-01	3.507400e-01	1.938400e-18	-8.769788e-02	2.900431e-01	6.114280e-19
-1.770000e-01	3.507400e-01	1.938400e-18	-1.491479e-01	3.788410e-01	7.406771e-19
-1.770000e-01	3.507400e-01	1.938400e-18	-1.031857e-01	4.091470e-01	9.311170e-19
-1.770000e-01	3.507400e-01	1.938400e-18	-2.498672e-01	3.002367e-01	1.159329e-18
-1.770000e-01	3.507400e-01	1.938400e-18	-3.195890e-01	3.018580e-01	1.230432e-18
-1.770000e-01	3.507400e-01	1.938400e-18	-6.135557e-02	3.519130e-01	6.996446e-19
-1.770000e-01	3.507400e-01	1.938400e-18	-1.310113e-01	2.320276e-01	1.314834e-18
-1.770000e-01	3.507400e-01	1.938400e-18	-2.592684e-01	2.290948e-01	1.500342e-18
-1.770000e-01	3.507400e-01	1.938400e-18	-5.130995e-02	4.312803e-01	8.431173e-19
-1.770000e-01	3.507400e-01	1.938400e-18	-3.079611e-01	3.416196e-01	1.344424e-18
-1.770000e-01	3.507400e-01	1.938400e-18	-2.274785e-01	4.124347e-01	1.433364e-18
-1.770000e-01	3.507400e-01	1.938400e-18	-2.418082e-01	3.971666e-01	8.784816e-19
-1.770000e-01	3.507400e-01	1.938400e-18	-1.637869e-01	2.756430e-01	1.405084e-18
-1.770000e-01	3.507400e-01	1.938400e-18	-1.578209e-01	2.201023e-01	1.449781e-18
-1.770000e-01	3.507400e-01	1.938400e-18	-1.334871e-01	3.583129e-01	1.223791e-18
-1.770000e-01	3.507400e-01	1.938400e-18	-2.394215e-01	2.684628e-01	6.834617e-19
-1.770000e-01	3.507400e-01	1.938400e-18	-1.632761e-01	4.256736e-01	1.337229e-18
-1.770000e-01	3.507400e-01	1.938400e-18	-8.660461e-02	3.782549e-01	1.090330e-18
-1.770000e-01	3.507400e-01	1.938400e-18	-1.708062e-01	3.329436e-01	5.570133e-19
-1.770000e-01	3.507400e-01	1.938400e-18	-1.668746e-01	3.108500e-01	1.120749e-18
-1.770000e-01	3.507400e-01	1.938400e-18	-3.381282e-01	3.658689e-01	1.211894e-18
-1.770000e-01	3.507400e-01	1.938400e-18	-3.833424e-02	2.268319e-01	1.023757e-18
-1.770000e-01	3.507400e-01	1.938400e-18	-2.917671e-01	4.370346e-01	7.491118e-19
-1.770000e-01	3.507400e-01	1.938400e-18	-2.409924e-01	3.135367e-01	1.461297e-18
-1.770000e-01	3.507400e-01	1.938400e-18	-5.474176e-02	2.534737e-01	1.329093e-18
-1.770000e-01	3.507400e-01	1.938400e-18	-2.175976e-01	2.340145e-01	1.460116e-18
-1.770000e-01	3.507400e-01	1.938400e-18	-6.542338e-02	2.664107e-01	1.211689e-18
-1.770000e-01	3.507400e-01	1.938400e-18	-2.530173e-01	3.856567e-01	9.633538e-19
-1.770000e-01	3.507400e-01	1.938400e-18	-2.566868e-01	3.532526e-01	7.423272e-19
-1.770000e-01	3.507400e-01	1.938400e-18	-4.024367e-02	2.154104e-01	1.470914e-18
-1.770000e-01	3.507400e-01	1.938400e-18	-6.736510e-02	2.784344e-01	7.043268e-19
-1.770000e-01	3.507400e-01	1.938400e-18	-2.137535e-01	3.500627e-01	8.589157e-19
-1.770000e-01	3.507400e-01	1.938400e-18	-9.754580e-02	3.561458e-01	9.607430e-19
.ENDDATA
